2048 1 
1023 3 
1022 3 
508 9 
1020 3 
507 9 
504 9 
243 27 
1016 3 
505 9 
502 9 
242 27 
496 9 
239 27 
230 27 
88 81 
1008 3 
501 9 
498 9 
240 27 
492 9 
237 27 
228 27 
87 81 
480 9 
231 27 
222 27 
84 81 
204 27 
992 3 
493 9 
490 9 
236 27 
484 9 
233 27 
224 27 
85 81 
472 9 
227 27 
218 27 
82 81 
200 27 
448 9 
215 27 
206 27 
188 27 
960 3 
477 9 
474 9 
228 27 
468 9 
225 27 
216 27 
81 81 
456 9 
219 27 
210 27 
192 27 
432 9 
207 27 
198 27 
180 27 
384 9 
183 27 
174 27 
156 27 
896 3 
445 9 
442 9 
212 27 
436 9 
209 27 
200 27 
424 9 
203 27 
194 27 
176 27 
400 9 
191 27 
182 27 
164 27 
352 9 
167 27 
158 27 
140 27 
768 3 
381 9 
378 9 
180 27 
372 9 
177 27 
168 27 
360 9 
171 27 
162 27 
144 27 
336 9 
159 27 
150 27 
132 27 
288 9 
135 27 
126 27 
108 27 
