4096 1 
2047 3 
2046 3 
1020 9 
2044 3 
1019 9 
1016 9 
499 27 
2040 3 
1017 9 
1014 9 
498 27 
1008 9 
495 27 
486 27 
216 81 
2032 3 
1013 9 
1010 9 
496 27 
1004 9 
493 27 
484 27 
215 81 
992 9 
487 27 
478 27 
212 81 
460 27 
203 81 
176 81 
2016 3 
1005 9 
1002 9 
492 27 
996 9 
489 27 
480 27 
213 81 
984 9 
483 27 
474 27 
210 81 
456 27 
201 81 
174 81 
960 9 
471 27 
462 27 
204 81 
444 27 
195 81 
168 81 
408 27 
177 81 
1984 3 
989 9 
986 9 
484 27 
980 9 
481 27 
472 27 
209 81 
968 9 
475 27 
466 27 
206 81 
448 27 
197 81 
170 81 
944 9 
463 27 
454 27 
200 81 
436 27 
191 81 
164 81 
400 27 
173 81 
896 9 
439 27 
430 27 
188 81 
412 27 
179 81 
376 27 
161 81 
1920 3 
957 9 
954 9 
468 27 
948 9 
465 27 
456 27 
201 81 
936 9 
459 27 
450 27 
198 81 
432 27 
189 81 
162 81 
912 9 
447 27 
438 27 
192 81 
420 27 
183 81 
384 27 
165 81 
864 9 
423 27 
414 27 
180 81 
396 27 
171 81 
360 27 
153 81 
768 9 
375 27 
366 27 
156 81 
348 27 
147 81 
312 27 
129 81 
1792 3 
893 9 
890 9 
436 27 
884 9 
433 27 
424 27 
185 81 
872 9 
427 27 
418 27 
182 81 
400 27 
173 81 
848 9 
415 27 
406 27 
176 81 
388 27 
167 81 
352 27 
149 81 
800 9 
391 27 
382 27 
164 81 
364 27 
155 81 
328 27 
137 81 
704 9 
343 27 
334 27 
140 81 
316 27 
131 81 
280 27 
113 81 
1536 3 
765 9 
762 9 
372 27 
756 9 
369 27 
360 27 
153 81 
744 9 
363 27 
354 27 
150 81 
336 27 
141 81 
720 9 
351 27 
342 27 
144 81 
324 27 
135 81 
288 27 
117 81 
672 9 
327 27 
318 27 
132 81 
300 27 
123 81 
264 27 
105 81 
576 9 
279 27 
270 27 
108 81 
252 27 
99 81 
216 27 
81 81 
