8192 1 
4095 3 
4094 3 
2044 9 
4092 3 
2043 9 
2040 9 
1011 27 
4088 3 
2041 9 
2038 9 
1010 27 
2032 9 
1007 27 
998 27 
472 81 
4080 3 
2037 9 
2034 9 
1008 27 
2028 9 
1005 27 
996 27 
471 81 
2016 9 
999 27 
990 27 
468 81 
972 27 
459 81 
432 81 
4064 3 
2029 9 
2026 9 
1004 27 
2020 9 
1001 27 
992 27 
469 81 
2008 9 
995 27 
986 27 
466 81 
968 27 
457 81 
430 81 
1984 9 
983 27 
974 27 
460 81 
956 27 
451 81 
424 81 
920 27 
433 81 
406 81 
352 81 
4032 3 
2013 9 
2010 9 
996 27 
2004 9 
993 27 
984 27 
465 81 
1992 9 
987 27 
978 27 
462 81 
960 27 
453 81 
426 81 
1968 9 
975 27 
966 27 
456 81 
948 27 
447 81 
420 81 
912 27 
429 81 
402 81 
348 81 
1920 9 
951 27 
942 27 
444 81 
924 27 
435 81 
408 81 
888 27 
417 81 
390 81 
336 81 
816 27 
381 81 
354 81 
3968 3 
1981 9 
1978 9 
980 27 
1972 9 
977 27 
968 27 
457 81 
1960 9 
971 27 
962 27 
454 81 
944 27 
445 81 
418 81 
1936 9 
959 27 
950 27 
448 81 
932 27 
439 81 
412 81 
896 27 
421 81 
394 81 
340 81 
1888 9 
935 27 
926 27 
436 81 
908 27 
427 81 
400 81 
872 27 
409 81 
382 81 
328 81 
800 27 
373 81 
346 81 
1792 9 
887 27 
878 27 
412 81 
860 27 
403 81 
376 81 
824 27 
385 81 
358 81 
752 27 
349 81 
322 81 
3840 3 
1917 9 
1914 9 
948 27 
1908 9 
945 27 
936 27 
441 81 
1896 9 
939 27 
930 27 
438 81 
912 27 
429 81 
402 81 
1872 9 
927 27 
918 27 
432 81 
900 27 
423 81 
396 81 
864 27 
405 81 
378 81 
324 81 
1824 9 
903 27 
894 27 
420 81 
876 27 
411 81 
384 81 
840 27 
393 81 
366 81 
768 27 
357 81 
330 81 
1728 9 
855 27 
846 27 
396 81 
828 27 
387 81 
360 81 
792 27 
369 81 
342 81 
720 27 
333 81 
306 81 
1536 9 
759 27 
750 27 
348 81 
732 27 
339 81 
312 81 
696 27 
321 81 
294 81 
624 27 
285 81 
258 81 
3584 3 
1789 9 
1786 9 
884 27 
1780 9 
881 27 
872 27 
409 81 
1768 9 
875 27 
866 27 
406 81 
848 27 
397 81 
370 81 
1744 9 
863 27 
854 27 
400 81 
836 27 
391 81 
364 81 
800 27 
373 81 
346 81 
1696 9 
839 27 
830 27 
388 81 
812 27 
379 81 
352 81 
776 27 
361 81 
334 81 
704 27 
325 81 
298 81 
1600 9 
791 27 
782 27 
364 81 
764 27 
355 81 
328 81 
728 27 
337 81 
310 81 
656 27 
301 81 
274 81 
1408 9 
695 27 
686 27 
316 81 
668 27 
307 81 
280 81 
632 27 
289 81 
262 81 
560 27 
253 81 
226 81 
3072 3 
1533 9 
1530 9 
756 27 
1524 9 
753 27 
744 27 
345 81 
1512 9 
747 27 
738 27 
342 81 
720 27 
333 81 
306 81 
1488 9 
735 27 
726 27 
336 81 
708 27 
327 81 
300 81 
672 27 
309 81 
282 81 
1440 9 
711 27 
702 27 
324 81 
684 27 
315 81 
288 81 
648 27 
297 81 
270 81 
576 27 
261 81 
234 81 
1344 9 
663 27 
654 27 
300 81 
636 27 
291 81 
264 81 
600 27 
273 81 
246 81 
528 27 
237 81 
210 81 
1152 9 
567 27 
558 27 
252 81 
540 27 
243 81 
216 81 
504 27 
225 81 
198 81 
432 27 
189 81 
162 81 
