16384 1 
8191 3 
8190 3 
4092 9 
8188 3 
4091 9 
4088 9 
2035 27 
8184 3 
4089 9 
4086 9 
2034 27 
4080 9 
2031 27 
2022 27 
984 81 
8176 3 
4085 9 
4082 9 
2032 27 
4076 9 
2029 27 
2020 27 
983 81 
4064 9 
2023 27 
2014 27 
980 81 
1996 27 
971 81 
944 81 
391 243 
8160 3 
4077 9 
4074 9 
2028 27 
4068 9 
2025 27 
2016 27 
981 81 
4056 9 
2019 27 
2010 27 
978 81 
1992 27 
969 81 
942 81 
390 243 
4032 9 
2007 27 
1998 27 
972 81 
1980 27 
963 81 
936 81 
387 243 
1944 27 
945 81 
918 81 
378 243 
864 81 
351 243 
8128 3 
4061 9 
4058 9 
2020 27 
4052 9 
2017 27 
2008 27 
977 81 
4040 9 
2011 27 
2002 27 
974 81 
1984 27 
965 81 
938 81 
388 243 
4016 9 
1999 27 
1990 27 
968 81 
1972 27 
959 81 
932 81 
385 243 
1936 27 
941 81 
914 81 
376 243 
860 81 
349 243 
3968 9 
1975 27 
1966 27 
956 81 
1948 27 
947 81 
920 81 
379 243 
1912 27 
929 81 
902 81 
370 243 
848 81 
343 243 
1840 27 
893 81 
866 81 
352 243 
812 81 
325 243 
704 81 
271 243 
8064 3 
4029 9 
4026 9 
2004 27 
4020 9 
2001 27 
1992 27 
969 81 
4008 9 
1995 27 
1986 27 
966 81 
1968 27 
957 81 
930 81 
384 243 
3984 9 
1983 27 
1974 27 
960 81 
1956 27 
951 81 
924 81 
381 243 
1920 27 
933 81 
906 81 
372 243 
852 81 
345 243 
3936 9 
1959 27 
1950 27 
948 81 
1932 27 
939 81 
912 81 
375 243 
1896 27 
921 81 
894 81 
366 243 
840 81 
339 243 
1824 27 
885 81 
858 81 
348 243 
804 81 
321 243 
696 81 
267 243 
3840 9 
1911 27 
1902 27 
924 81 
1884 27 
915 81 
888 81 
363 243 
1848 27 
897 81 
870 81 
354 243 
816 81 
327 243 
1776 27 
861 81 
834 81 
336 243 
780 81 
309 243 
672 81 
255 243 
1632 27 
789 81 
762 81 
300 243 
708 81 
273 243 
7936 3 
3965 9 
3962 9 
1972 27 
3956 9 
1969 27 
1960 27 
953 81 
3944 9 
1963 27 
1954 27 
950 81 
1936 27 
941 81 
914 81 
376 243 
3920 9 
1951 27 
1942 27 
944 81 
1924 27 
935 81 
908 81 
373 243 
1888 27 
917 81 
890 81 
364 243 
836 81 
337 243 
3872 9 
1927 27 
1918 27 
932 81 
1900 27 
923 81 
896 81 
367 243 
1864 27 
905 81 
878 81 
358 243 
824 81 
331 243 
1792 27 
869 81 
842 81 
340 243 
788 81 
313 243 
680 81 
259 243 
3776 9 
1879 27 
1870 27 
908 81 
1852 27 
899 81 
872 81 
355 243 
1816 27 
881 81 
854 81 
346 243 
800 81 
319 243 
1744 27 
845 81 
818 81 
328 243 
764 81 
301 243 
656 81 
247 243 
1600 27 
773 81 
746 81 
292 243 
692 81 
265 243 
3584 9 
1783 27 
1774 27 
860 81 
1756 27 
851 81 
824 81 
331 243 
1720 27 
833 81 
806 81 
322 243 
752 81 
295 243 
1648 27 
797 81 
770 81 
304 243 
716 81 
277 243 
1504 27 
725 81 
698 81 
268 243 
644 81 
7680 3 
3837 9 
3834 9 
1908 27 
3828 9 
1905 27 
1896 27 
921 81 
3816 9 
1899 27 
1890 27 
918 81 
1872 27 
909 81 
882 81 
360 243 
3792 9 
1887 27 
1878 27 
912 81 
1860 27 
903 81 
876 81 
357 243 
1824 27 
885 81 
858 81 
348 243 
804 81 
321 243 
3744 9 
1863 27 
1854 27 
900 81 
1836 27 
891 81 
864 81 
351 243 
1800 27 
873 81 
846 81 
342 243 
792 81 
315 243 
1728 27 
837 81 
810 81 
324 243 
756 81 
297 243 
648 81 
243 243 
3648 9 
1815 27 
1806 27 
876 81 
1788 27 
867 81 
840 81 
339 243 
1752 27 
849 81 
822 81 
330 243 
768 81 
303 243 
1680 27 
813 81 
786 81 
312 243 
732 81 
285 243 
1536 27 
741 81 
714 81 
276 243 
660 81 
249 243 
3456 9 
1719 27 
1710 27 
828 81 
1692 27 
819 81 
792 81 
315 243 
1656 27 
801 81 
774 81 
306 243 
720 81 
279 243 
1584 27 
765 81 
738 81 
288 243 
684 81 
261 243 
1440 27 
693 81 
666 81 
252 243 
612 81 
3072 9 
1527 27 
1518 27 
732 81 
1500 27 
723 81 
696 81 
267 243 
1464 27 
705 81 
678 81 
258 243 
624 81 
1392 27 
669 81 
642 81 
588 81 
1248 27 
597 81 
570 81 
516 81 
7168 3 
3581 9 
3578 9 
1780 27 
3572 9 
1777 27 
1768 27 
857 81 
3560 9 
1771 27 
1762 27 
854 81 
1744 27 
845 81 
818 81 
328 243 
3536 9 
1759 27 
1750 27 
848 81 
1732 27 
839 81 
812 81 
325 243 
1696 27 
821 81 
794 81 
316 243 
740 81 
289 243 
3488 9 
1735 27 
1726 27 
836 81 
1708 27 
827 81 
800 81 
319 243 
1672 27 
809 81 
782 81 
310 243 
728 81 
283 243 
1600 27 
773 81 
746 81 
292 243 
692 81 
265 243 
3392 9 
1687 27 
1678 27 
812 81 
1660 27 
803 81 
776 81 
307 243 
1624 27 
785 81 
758 81 
298 243 
704 81 
271 243 
1552 27 
749 81 
722 81 
280 243 
668 81 
253 243 
1408 27 
677 81 
650 81 
244 243 
596 81 
3200 9 
1591 27 
1582 27 
764 81 
1564 27 
755 81 
728 81 
283 243 
1528 27 
737 81 
710 81 
274 243 
656 81 
247 243 
1456 27 
701 81 
674 81 
256 243 
620 81 
1312 27 
629 81 
602 81 
548 81 
2816 9 
1399 27 
1390 27 
668 81 
1372 27 
659 81 
632 81 
1336 27 
641 81 
614 81 
560 81 
1264 27 
605 81 
578 81 
524 81 
1120 27 
533 81 
506 81 
452 81 
6144 3 
3069 9 
3066 9 
1524 27 
3060 9 
1521 27 
1512 27 
729 81 
3048 9 
1515 27 
1506 27 
726 81 
1488 27 
717 81 
690 81 
264 243 
3024 9 
1503 27 
1494 27 
720 81 
1476 27 
711 81 
684 81 
261 243 
1440 27 
693 81 
666 81 
252 243 
612 81 
2976 9 
1479 27 
1470 27 
708 81 
1452 27 
699 81 
672 81 
255 243 
1416 27 
681 81 
654 81 
246 243 
600 81 
1344 27 
645 81 
618 81 
564 81 
2880 9 
1431 27 
1422 27 
684 81 
1404 27 
675 81 
648 81 
243 243 
1368 27 
657 81 
630 81 
576 81 
1296 27 
621 81 
594 81 
540 81 
1152 27 
549 81 
522 81 
468 81 
2688 9 
1335 27 
1326 27 
636 81 
1308 27 
627 81 
600 81 
1272 27 
609 81 
582 81 
528 81 
1200 27 
573 81 
546 81 
492 81 
1056 27 
501 81 
474 81 
420 81 
2304 9 
1143 27 
1134 27 
540 81 
1116 27 
531 81 
504 81 
1080 27 
513 81 
486 81 
432 81 
1008 27 
477 81 
450 81 
396 81 
864 27 
405 81 
378 81 
324 81 
