32768 1 
16383 3 
16382 3 
8188 9 
16380 3 
8187 9 
8184 9 
4083 27 
16376 3 
8185 9 
8182 9 
4082 27 
8176 9 
4079 27 
4070 27 
2008 81 
16368 3 
8181 9 
8178 9 
4080 27 
8172 9 
4077 27 
4068 27 
2007 81 
8160 9 
4071 27 
4062 27 
2004 81 
4044 27 
1995 81 
1968 81 
903 243 
16352 3 
8173 9 
8170 9 
4076 27 
8164 9 
4073 27 
4064 27 
2005 81 
8152 9 
4067 27 
4058 27 
2002 81 
4040 27 
1993 81 
1966 81 
902 243 
8128 9 
4055 27 
4046 27 
1996 81 
4028 27 
1987 81 
1960 81 
899 243 
3992 27 
1969 81 
1942 81 
890 243 
1888 81 
863 243 
782 243 
16320 3 
8157 9 
8154 9 
4068 27 
8148 9 
4065 27 
4056 27 
2001 81 
8136 9 
4059 27 
4050 27 
1998 81 
4032 27 
1989 81 
1962 81 
900 243 
8112 9 
4047 27 
4038 27 
1992 81 
4020 27 
1983 81 
1956 81 
897 243 
3984 27 
1965 81 
1938 81 
888 243 
1884 81 
861 243 
780 243 
8064 9 
4023 27 
4014 27 
1980 81 
3996 27 
1971 81 
1944 81 
891 243 
3960 27 
1953 81 
1926 81 
882 243 
1872 81 
855 243 
774 243 
3888 27 
1917 81 
1890 81 
864 243 
1836 81 
837 243 
756 243 
1728 81 
783 243 
702 243 
16256 3 
8125 9 
8122 9 
4052 27 
8116 9 
4049 27 
4040 27 
1993 81 
8104 9 
4043 27 
4034 27 
1990 81 
4016 27 
1981 81 
1954 81 
896 243 
8080 9 
4031 27 
4022 27 
1984 81 
4004 27 
1975 81 
1948 81 
893 243 
3968 27 
1957 81 
1930 81 
884 243 
1876 81 
857 243 
776 243 
8032 9 
4007 27 
3998 27 
1972 81 
3980 27 
1963 81 
1936 81 
887 243 
3944 27 
1945 81 
1918 81 
878 243 
1864 81 
851 243 
770 243 
3872 27 
1909 81 
1882 81 
860 243 
1828 81 
833 243 
752 243 
1720 81 
779 243 
698 243 
7936 9 
3959 27 
3950 27 
1948 81 
3932 27 
1939 81 
1912 81 
875 243 
3896 27 
1921 81 
1894 81 
866 243 
1840 81 
839 243 
758 243 
3824 27 
1885 81 
1858 81 
848 243 
1804 81 
821 243 
740 243 
1696 81 
767 243 
686 243 
3680 27 
1813 81 
1786 81 
812 243 
1732 81 
785 243 
704 243 
1624 81 
731 243 
650 243 
1408 81 
623 243 
542 243 
16128 3 
8061 9 
8058 9 
4020 27 
8052 9 
4017 27 
4008 27 
1977 81 
8040 9 
4011 27 
4002 27 
1974 81 
3984 27 
1965 81 
1938 81 
888 243 
8016 9 
3999 27 
3990 27 
1968 81 
3972 27 
1959 81 
1932 81 
885 243 
3936 27 
1941 81 
1914 81 
876 243 
1860 81 
849 243 
768 243 
7968 9 
3975 27 
3966 27 
1956 81 
3948 27 
1947 81 
1920 81 
879 243 
3912 27 
1929 81 
1902 81 
870 243 
1848 81 
843 243 
762 243 
3840 27 
1893 81 
1866 81 
852 243 
1812 81 
825 243 
744 243 
1704 81 
771 243 
690 243 
7872 9 
3927 27 
3918 27 
1932 81 
3900 27 
1923 81 
1896 81 
867 243 
3864 27 
1905 81 
1878 81 
858 243 
1824 81 
831 243 
750 243 
3792 27 
1869 81 
1842 81 
840 243 
1788 81 
813 243 
732 243 
1680 81 
759 243 
678 243 
3648 27 
1797 81 
1770 81 
804 243 
1716 81 
777 243 
696 243 
1608 81 
723 243 
642 243 
1392 81 
615 243 
534 243 
7680 9 
3831 27 
3822 27 
1884 81 
3804 27 
1875 81 
1848 81 
843 243 
3768 27 
1857 81 
1830 81 
834 243 
1776 81 
807 243 
726 243 
3696 27 
1821 81 
1794 81 
816 243 
1740 81 
789 243 
708 243 
1632 81 
735 243 
654 243 
3552 27 
1749 81 
1722 81 
780 243 
1668 81 
753 243 
672 243 
1560 81 
699 243 
618 243 
1344 81 
591 243 
510 243 
3264 27 
1605 81 
1578 81 
708 243 
1524 81 
681 243 
600 243 
1416 81 
627 243 
546 243 
15872 3 
7933 9 
7930 9 
3956 27 
7924 9 
3953 27 
3944 27 
1945 81 
7912 9 
3947 27 
3938 27 
1942 81 
3920 27 
1933 81 
1906 81 
872 243 
7888 9 
3935 27 
3926 27 
1936 81 
3908 27 
1927 81 
1900 81 
869 243 
3872 27 
1909 81 
1882 81 
860 243 
1828 81 
833 243 
752 243 
7840 9 
3911 27 
3902 27 
1924 81 
3884 27 
1915 81 
1888 81 
863 243 
3848 27 
1897 81 
1870 81 
854 243 
1816 81 
827 243 
746 243 
3776 27 
1861 81 
1834 81 
836 243 
1780 81 
809 243 
728 243 
1672 81 
755 243 
674 243 
7744 9 
3863 27 
3854 27 
1900 81 
3836 27 
1891 81 
1864 81 
851 243 
3800 27 
1873 81 
1846 81 
842 243 
1792 81 
815 243 
734 243 
3728 27 
1837 81 
1810 81 
824 243 
1756 81 
797 243 
716 243 
1648 81 
743 243 
662 243 
3584 27 
1765 81 
1738 81 
788 243 
1684 81 
761 243 
680 243 
1576 81 
707 243 
626 243 
1360 81 
599 243 
518 243 
7552 9 
3767 27 
3758 27 
1852 81 
3740 27 
1843 81 
1816 81 
827 243 
3704 27 
1825 81 
1798 81 
818 243 
1744 81 
791 243 
710 243 
3632 27 
1789 81 
1762 81 
800 243 
1708 81 
773 243 
692 243 
1600 81 
719 243 
638 243 
3488 27 
1717 81 
1690 81 
764 243 
1636 81 
737 243 
656 243 
1528 81 
683 243 
602 243 
1312 81 
575 243 
494 243 
3200 27 
1573 81 
1546 81 
692 243 
1492 81 
665 243 
584 243 
1384 81 
611 243 
530 243 
7168 9 
3575 27 
3566 27 
1756 81 
3548 27 
1747 81 
1720 81 
779 243 
3512 27 
1729 81 
1702 81 
770 243 
1648 81 
743 243 
662 243 
3440 27 
1693 81 
1666 81 
752 243 
1612 81 
725 243 
644 243 
1504 81 
671 243 
590 243 
3296 27 
1621 81 
1594 81 
716 243 
1540 81 
689 243 
608 243 
1432 81 
635 243 
554 243 
3008 27 
1477 81 
1450 81 
644 243 
1396 81 
617 243 
536 243 
1288 81 
563 243 
15360 3 
7677 9 
7674 9 
3828 27 
7668 9 
3825 27 
3816 27 
1881 81 
7656 9 
3819 27 
3810 27 
1878 81 
3792 27 
1869 81 
1842 81 
840 243 
7632 9 
3807 27 
3798 27 
1872 81 
3780 27 
1863 81 
1836 81 
837 243 
3744 27 
1845 81 
1818 81 
828 243 
1764 81 
801 243 
720 243 
7584 9 
3783 27 
3774 27 
1860 81 
3756 27 
1851 81 
1824 81 
831 243 
3720 27 
1833 81 
1806 81 
822 243 
1752 81 
795 243 
714 243 
3648 27 
1797 81 
1770 81 
804 243 
1716 81 
777 243 
696 243 
1608 81 
723 243 
642 243 
7488 9 
3735 27 
3726 27 
1836 81 
3708 27 
1827 81 
1800 81 
819 243 
3672 27 
1809 81 
1782 81 
810 243 
1728 81 
783 243 
702 243 
3600 27 
1773 81 
1746 81 
792 243 
1692 81 
765 243 
684 243 
1584 81 
711 243 
630 243 
3456 27 
1701 81 
1674 81 
756 243 
1620 81 
729 243 
648 243 
1512 81 
675 243 
594 243 
1296 81 
567 243 
486 243 
7296 9 
3639 27 
3630 27 
1788 81 
3612 27 
1779 81 
1752 81 
795 243 
3576 27 
1761 81 
1734 81 
786 243 
1680 81 
759 243 
678 243 
3504 27 
1725 81 
1698 81 
768 243 
1644 81 
741 243 
660 243 
1536 81 
687 243 
606 243 
3360 27 
1653 81 
1626 81 
732 243 
1572 81 
705 243 
624 243 
1464 81 
651 243 
570 243 
3072 27 
1509 81 
1482 81 
660 243 
1428 81 
633 243 
552 243 
1320 81 
579 243 
498 243 
6912 9 
3447 27 
3438 27 
1692 81 
3420 27 
1683 81 
1656 81 
747 243 
3384 27 
1665 81 
1638 81 
738 243 
1584 81 
711 243 
630 243 
3312 27 
1629 81 
1602 81 
720 243 
1548 81 
693 243 
612 243 
1440 81 
639 243 
558 243 
3168 27 
1557 81 
1530 81 
684 243 
1476 81 
657 243 
576 243 
1368 81 
603 243 
522 243 
2880 27 
1413 81 
1386 81 
612 243 
1332 81 
585 243 
504 243 
1224 81 
531 243 
6144 9 
3063 27 
3054 27 
1500 81 
3036 27 
1491 81 
1464 81 
651 243 
3000 27 
1473 81 
1446 81 
642 243 
1392 81 
615 243 
534 243 
2928 27 
1437 81 
1410 81 
624 243 
1356 81 
597 243 
516 243 
1248 81 
543 243 
2784 27 
1365 81 
1338 81 
588 243 
1284 81 
561 243 
1176 81 
507 243 
2496 27 
1221 81 
1194 81 
516 243 
1140 81 
489 243 
1032 81 
435 243 
14336 3 
7165 9 
7162 9 
3572 27 
7156 9 
3569 27 
3560 27 
1753 81 
7144 9 
3563 27 
3554 27 
1750 81 
3536 27 
1741 81 
1714 81 
776 243 
7120 9 
3551 27 
3542 27 
1744 81 
3524 27 
1735 81 
1708 81 
773 243 
3488 27 
1717 81 
1690 81 
764 243 
1636 81 
737 243 
656 243 
7072 9 
3527 27 
3518 27 
1732 81 
3500 27 
1723 81 
1696 81 
767 243 
3464 27 
1705 81 
1678 81 
758 243 
1624 81 
731 243 
650 243 
3392 27 
1669 81 
1642 81 
740 243 
1588 81 
713 243 
632 243 
1480 81 
659 243 
578 243 
6976 9 
3479 27 
3470 27 
1708 81 
3452 27 
1699 81 
1672 81 
755 243 
3416 27 
1681 81 
1654 81 
746 243 
1600 81 
719 243 
638 243 
3344 27 
1645 81 
1618 81 
728 243 
1564 81 
701 243 
620 243 
1456 81 
647 243 
566 243 
3200 27 
1573 81 
1546 81 
692 243 
1492 81 
665 243 
584 243 
1384 81 
611 243 
530 243 
6784 9 
3383 27 
3374 27 
1660 81 
3356 27 
1651 81 
1624 81 
731 243 
3320 27 
1633 81 
1606 81 
722 243 
1552 81 
695 243 
614 243 
3248 27 
1597 81 
1570 81 
704 243 
1516 81 
677 243 
596 243 
1408 81 
623 243 
542 243 
3104 27 
1525 81 
1498 81 
668 243 
1444 81 
641 243 
560 243 
1336 81 
587 243 
506 243 
2816 27 
1381 81 
1354 81 
596 243 
1300 81 
569 243 
488 243 
1192 81 
515 243 
6400 9 
3191 27 
3182 27 
1564 81 
3164 27 
1555 81 
1528 81 
683 243 
3128 27 
1537 81 
1510 81 
674 243 
1456 81 
647 243 
566 243 
3056 27 
1501 81 
1474 81 
656 243 
1420 81 
629 243 
548 243 
1312 81 
575 243 
494 243 
2912 27 
1429 81 
1402 81 
620 243 
1348 81 
593 243 
512 243 
1240 81 
539 243 
2624 27 
1285 81 
1258 81 
548 243 
1204 81 
521 243 
1096 81 
467 243 
5632 9 
2807 27 
2798 27 
1372 81 
2780 27 
1363 81 
1336 81 
587 243 
2744 27 
1345 81 
1318 81 
578 243 
1264 81 
551 243 
2672 27 
1309 81 
1282 81 
560 243 
1228 81 
533 243 
1120 81 
479 243 
2528 27 
1237 81 
1210 81 
524 243 
1156 81 
497 243 
1048 81 
443 243 
2240 27 
1093 81 
1066 81 
452 243 
1012 81 
425 243 
904 81 
371 243 
12288 3 
6141 9 
6138 9 
3060 27 
6132 9 
3057 27 
3048 27 
1497 81 
6120 9 
3051 27 
3042 27 
1494 81 
3024 27 
1485 81 
1458 81 
648 243 
6096 9 
3039 27 
3030 27 
1488 81 
3012 27 
1479 81 
1452 81 
645 243 
2976 27 
1461 81 
1434 81 
636 243 
1380 81 
609 243 
528 243 
6048 9 
3015 27 
3006 27 
1476 81 
2988 27 
1467 81 
1440 81 
639 243 
2952 27 
1449 81 
1422 81 
630 243 
1368 81 
603 243 
522 243 
2880 27 
1413 81 
1386 81 
612 243 
1332 81 
585 243 
504 243 
1224 81 
531 243 
5952 9 
2967 27 
2958 27 
1452 81 
2940 27 
1443 81 
1416 81 
627 243 
2904 27 
1425 81 
1398 81 
618 243 
1344 81 
591 243 
510 243 
2832 27 
1389 81 
1362 81 
600 243 
1308 81 
573 243 
492 243 
1200 81 
519 243 
2688 27 
1317 81 
1290 81 
564 243 
1236 81 
537 243 
1128 81 
483 243 
5760 9 
2871 27 
2862 27 
1404 81 
2844 27 
1395 81 
1368 81 
603 243 
2808 27 
1377 81 
1350 81 
594 243 
1296 81 
567 243 
486 243 
2736 27 
1341 81 
1314 81 
576 243 
1260 81 
549 243 
1152 81 
495 243 
2592 27 
1269 81 
1242 81 
540 243 
1188 81 
513 243 
1080 81 
459 243 
2304 27 
1125 81 
1098 81 
468 243 
1044 81 
441 243 
936 81 
387 243 
5376 9 
2679 27 
2670 27 
1308 81 
2652 27 
1299 81 
1272 81 
555 243 
2616 27 
1281 81 
1254 81 
546 243 
1200 81 
519 243 
2544 27 
1245 81 
1218 81 
528 243 
1164 81 
501 243 
1056 81 
447 243 
2400 27 
1173 81 
1146 81 
492 243 
1092 81 
465 243 
984 81 
411 243 
2112 27 
1029 81 
1002 81 
420 243 
948 81 
393 243 
840 81 
339 243 
4608 9 
2295 27 
2286 27 
1116 81 
2268 27 
1107 81 
1080 81 
459 243 
2232 27 
1089 81 
1062 81 
450 243 
1008 81 
423 243 
2160 27 
1053 81 
1026 81 
432 243 
972 81 
405 243 
864 81 
351 243 
2016 27 
981 81 
954 81 
396 243 
900 81 
369 243 
792 81 
315 243 
1728 27 
837 81 
810 81 
324 243 
756 81 
297 243 
648 81 
243 243 
