65536 1 
32767 3 
32766 3 
16380 9 
32764 3 
16379 9 
16376 9 
8179 27 
32760 3 
16377 9 
16374 9 
8178 27 
16368 9 
8175 27 
8166 27 
4056 81 
32752 3 
16373 9 
16370 9 
8176 27 
16364 9 
8173 27 
8164 27 
4055 81 
16352 9 
8167 27 
8158 27 
4052 81 
8140 27 
4043 81 
4016 81 
1927 243 
32736 3 
16365 9 
16362 9 
8172 27 
16356 9 
8169 27 
8160 27 
4053 81 
16344 9 
8163 27 
8154 27 
4050 81 
8136 27 
4041 81 
4014 81 
1926 243 
16320 9 
8151 27 
8142 27 
4044 81 
8124 27 
4035 81 
4008 81 
1923 243 
8088 27 
4017 81 
3990 81 
1914 243 
3936 81 
1887 243 
1806 243 
32704 3 
16349 9 
16346 9 
8164 27 
16340 9 
8161 27 
8152 27 
4049 81 
16328 9 
8155 27 
8146 27 
4046 81 
8128 27 
4037 81 
4010 81 
1924 243 
16304 9 
8143 27 
8134 27 
4040 81 
8116 27 
4031 81 
4004 81 
1921 243 
8080 27 
4013 81 
3986 81 
1912 243 
3932 81 
1885 243 
1804 243 
16256 9 
8119 27 
8110 27 
4028 81 
8092 27 
4019 81 
3992 81 
1915 243 
8056 27 
4001 81 
3974 81 
1906 243 
3920 81 
1879 243 
1798 243 
7984 27 
3965 81 
3938 81 
1888 243 
3884 81 
1861 243 
1780 243 
3776 81 
1807 243 
1726 243 
1564 243 
32640 3 
16317 9 
16314 9 
8148 27 
16308 9 
8145 27 
8136 27 
4041 81 
16296 9 
8139 27 
8130 27 
4038 81 
8112 27 
4029 81 
4002 81 
1920 243 
16272 9 
8127 27 
8118 27 
4032 81 
8100 27 
4023 81 
3996 81 
1917 243 
8064 27 
4005 81 
3978 81 
1908 243 
3924 81 
1881 243 
1800 243 
16224 9 
8103 27 
8094 27 
4020 81 
8076 27 
4011 81 
3984 81 
1911 243 
8040 27 
3993 81 
3966 81 
1902 243 
3912 81 
1875 243 
1794 243 
7968 27 
3957 81 
3930 81 
1884 243 
3876 81 
1857 243 
1776 243 
3768 81 
1803 243 
1722 243 
1560 243 
16128 9 
8055 27 
8046 27 
3996 81 
8028 27 
3987 81 
3960 81 
1899 243 
7992 27 
3969 81 
3942 81 
1890 243 
3888 81 
1863 243 
1782 243 
7920 27 
3933 81 
3906 81 
1872 243 
3852 81 
1845 243 
1764 243 
3744 81 
1791 243 
1710 243 
1548 243 
7776 27 
3861 81 
3834 81 
1836 243 
3780 81 
1809 243 
1728 243 
3672 81 
1755 243 
1674 243 
1512 243 
3456 81 
1647 243 
1566 243 
1404 243 
32512 3 
16253 9 
16250 9 
8116 27 
16244 9 
8113 27 
8104 27 
4025 81 
16232 9 
8107 27 
8098 27 
4022 81 
8080 27 
4013 81 
3986 81 
1912 243 
16208 9 
8095 27 
8086 27 
4016 81 
8068 27 
4007 81 
3980 81 
1909 243 
8032 27 
3989 81 
3962 81 
1900 243 
3908 81 
1873 243 
1792 243 
16160 9 
8071 27 
8062 27 
4004 81 
8044 27 
3995 81 
3968 81 
1903 243 
8008 27 
3977 81 
3950 81 
1894 243 
3896 81 
1867 243 
1786 243 
7936 27 
3941 81 
3914 81 
1876 243 
3860 81 
1849 243 
1768 243 
3752 81 
1795 243 
1714 243 
1552 243 
16064 9 
8023 27 
8014 27 
3980 81 
7996 27 
3971 81 
3944 81 
1891 243 
7960 27 
3953 81 
3926 81 
1882 243 
3872 81 
1855 243 
1774 243 
7888 27 
3917 81 
3890 81 
1864 243 
3836 81 
1837 243 
1756 243 
3728 81 
1783 243 
1702 243 
1540 243 
7744 27 
3845 81 
3818 81 
1828 243 
3764 81 
1801 243 
1720 243 
3656 81 
1747 243 
1666 243 
1504 243 
3440 81 
1639 243 
1558 243 
1396 243 
15872 9 
7927 27 
7918 27 
3932 81 
7900 27 
3923 81 
3896 81 
1867 243 
7864 27 
3905 81 
3878 81 
1858 243 
3824 81 
1831 243 
1750 243 
7792 27 
3869 81 
3842 81 
1840 243 
3788 81 
1813 243 
1732 243 
3680 81 
1759 243 
1678 243 
1516 243 
7648 27 
3797 81 
3770 81 
1804 243 
3716 81 
1777 243 
1696 243 
3608 81 
1723 243 
1642 243 
1480 243 
3392 81 
1615 243 
1534 243 
1372 243 
7360 27 
3653 81 
3626 81 
1732 243 
3572 81 
1705 243 
1624 243 
3464 81 
1651 243 
1570 243 
1408 243 
3248 81 
1543 243 
1462 243 
1300 243 
2816 81 
1327 243 
1246 243 
1084 243 
32256 3 
16125 9 
16122 9 
8052 27 
16116 9 
8049 27 
8040 27 
3993 81 
16104 9 
8043 27 
8034 27 
3990 81 
8016 27 
3981 81 
3954 81 
1896 243 
16080 9 
8031 27 
8022 27 
3984 81 
8004 27 
3975 81 
3948 81 
1893 243 
7968 27 
3957 81 
3930 81 
1884 243 
3876 81 
1857 243 
1776 243 
16032 9 
8007 27 
7998 27 
3972 81 
7980 27 
3963 81 
3936 81 
1887 243 
7944 27 
3945 81 
3918 81 
1878 243 
3864 81 
1851 243 
1770 243 
7872 27 
3909 81 
3882 81 
1860 243 
3828 81 
1833 243 
1752 243 
3720 81 
1779 243 
1698 243 
1536 243 
15936 9 
7959 27 
7950 27 
3948 81 
7932 27 
3939 81 
3912 81 
1875 243 
7896 27 
3921 81 
3894 81 
1866 243 
3840 81 
1839 243 
1758 243 
7824 27 
3885 81 
3858 81 
1848 243 
3804 81 
1821 243 
1740 243 
3696 81 
1767 243 
1686 243 
1524 243 
7680 27 
3813 81 
3786 81 
1812 243 
3732 81 
1785 243 
1704 243 
3624 81 
1731 243 
1650 243 
1488 243 
3408 81 
1623 243 
1542 243 
1380 243 
15744 9 
7863 27 
7854 27 
3900 81 
7836 27 
3891 81 
3864 81 
1851 243 
7800 27 
3873 81 
3846 81 
1842 243 
3792 81 
1815 243 
1734 243 
7728 27 
3837 81 
3810 81 
1824 243 
3756 81 
1797 243 
1716 243 
3648 81 
1743 243 
1662 243 
1500 243 
7584 27 
3765 81 
3738 81 
1788 243 
3684 81 
1761 243 
1680 243 
3576 81 
1707 243 
1626 243 
1464 243 
3360 81 
1599 243 
1518 243 
1356 243 
7296 27 
3621 81 
3594 81 
1716 243 
3540 81 
1689 243 
1608 243 
3432 81 
1635 243 
1554 243 
1392 243 
3216 81 
1527 243 
1446 243 
1284 243 
2784 81 
1311 243 
1230 243 
1068 243 
15360 9 
7671 27 
7662 27 
3804 81 
7644 27 
3795 81 
3768 81 
1803 243 
7608 27 
3777 81 
3750 81 
1794 243 
3696 81 
1767 243 
1686 243 
7536 27 
3741 81 
3714 81 
1776 243 
3660 81 
1749 243 
1668 243 
3552 81 
1695 243 
1614 243 
1452 243 
7392 27 
3669 81 
3642 81 
1740 243 
3588 81 
1713 243 
1632 243 
3480 81 
1659 243 
1578 243 
1416 243 
3264 81 
1551 243 
1470 243 
1308 243 
7104 27 
3525 81 
3498 81 
1668 243 
3444 81 
1641 243 
1560 243 
3336 81 
1587 243 
1506 243 
1344 243 
3120 81 
1479 243 
1398 243 
1236 243 
2688 81 
1263 243 
1182 243 
1020 243 
6528 27 
3237 81 
3210 81 
1524 243 
3156 81 
1497 243 
1416 243 
3048 81 
1443 243 
1362 243 
1200 243 
2832 81 
1335 243 
1254 243 
1092 243 
31744 3 
15869 9 
15866 9 
7924 27 
15860 9 
7921 27 
7912 27 
3929 81 
15848 9 
7915 27 
7906 27 
3926 81 
7888 27 
3917 81 
3890 81 
1864 243 
15824 9 
7903 27 
7894 27 
3920 81 
7876 27 
3911 81 
3884 81 
1861 243 
7840 27 
3893 81 
3866 81 
1852 243 
3812 81 
1825 243 
1744 243 
15776 9 
7879 27 
7870 27 
3908 81 
7852 27 
3899 81 
3872 81 
1855 243 
7816 27 
3881 81 
3854 81 
1846 243 
3800 81 
1819 243 
1738 243 
7744 27 
3845 81 
3818 81 
1828 243 
3764 81 
1801 243 
1720 243 
3656 81 
1747 243 
1666 243 
1504 243 
15680 9 
7831 27 
7822 27 
3884 81 
7804 27 
3875 81 
3848 81 
1843 243 
7768 27 
3857 81 
3830 81 
1834 243 
3776 81 
1807 243 
1726 243 
7696 27 
3821 81 
3794 81 
1816 243 
3740 81 
1789 243 
1708 243 
3632 81 
1735 243 
1654 243 
1492 243 
7552 27 
3749 81 
3722 81 
1780 243 
3668 81 
1753 243 
1672 243 
3560 81 
1699 243 
1618 243 
1456 243 
3344 81 
1591 243 
1510 243 
1348 243 
15488 9 
7735 27 
7726 27 
3836 81 
7708 27 
3827 81 
3800 81 
1819 243 
7672 27 
3809 81 
3782 81 
1810 243 
3728 81 
1783 243 
1702 243 
7600 27 
3773 81 
3746 81 
1792 243 
3692 81 
1765 243 
1684 243 
3584 81 
1711 243 
1630 243 
1468 243 
7456 27 
3701 81 
3674 81 
1756 243 
3620 81 
1729 243 
1648 243 
3512 81 
1675 243 
1594 243 
1432 243 
3296 81 
1567 243 
1486 243 
1324 243 
7168 27 
3557 81 
3530 81 
1684 243 
3476 81 
1657 243 
1576 243 
3368 81 
1603 243 
1522 243 
1360 243 
3152 81 
1495 243 
1414 243 
1252 243 
2720 81 
1279 243 
1198 243 
1036 243 
15104 9 
7543 27 
7534 27 
3740 81 
7516 27 
3731 81 
3704 81 
1771 243 
7480 27 
3713 81 
3686 81 
1762 243 
3632 81 
1735 243 
1654 243 
7408 27 
3677 81 
3650 81 
1744 243 
3596 81 
1717 243 
1636 243 
3488 81 
1663 243 
1582 243 
1420 243 
7264 27 
3605 81 
3578 81 
1708 243 
3524 81 
1681 243 
1600 243 
3416 81 
1627 243 
1546 243 
1384 243 
3200 81 
1519 243 
1438 243 
1276 243 
6976 27 
3461 81 
3434 81 
1636 243 
3380 81 
1609 243 
1528 243 
3272 81 
1555 243 
1474 243 
1312 243 
3056 81 
1447 243 
1366 243 
1204 243 
2624 81 
1231 243 
1150 243 
988 243 
6400 27 
3173 81 
3146 81 
1492 243 
3092 81 
1465 243 
1384 243 
2984 81 
1411 243 
1330 243 
1168 243 
2768 81 
1303 243 
1222 243 
1060 243 
14336 9 
7159 27 
7150 27 
3548 81 
7132 27 
3539 81 
3512 81 
1675 243 
7096 27 
3521 81 
3494 81 
1666 243 
3440 81 
1639 243 
1558 243 
7024 27 
3485 81 
3458 81 
1648 243 
3404 81 
1621 243 
1540 243 
3296 81 
1567 243 
1486 243 
1324 243 
6880 27 
3413 81 
3386 81 
1612 243 
3332 81 
1585 243 
1504 243 
3224 81 
1531 243 
1450 243 
1288 243 
3008 81 
1423 243 
1342 243 
1180 243 
6592 27 
3269 81 
3242 81 
1540 243 
3188 81 
1513 243 
1432 243 
3080 81 
1459 243 
1378 243 
1216 243 
2864 81 
1351 243 
1270 243 
1108 243 
6016 27 
2981 81 
2954 81 
1396 243 
2900 81 
1369 243 
1288 243 
2792 81 
1315 243 
1234 243 
1072 243 
2576 81 
1207 243 
1126 243 
30720 3 
15357 9 
15354 9 
7668 27 
15348 9 
7665 27 
7656 27 
3801 81 
15336 9 
7659 27 
7650 27 
3798 81 
7632 27 
3789 81 
3762 81 
1800 243 
15312 9 
7647 27 
7638 27 
3792 81 
7620 27 
3783 81 
3756 81 
1797 243 
7584 27 
3765 81 
3738 81 
1788 243 
3684 81 
1761 243 
1680 243 
15264 9 
7623 27 
7614 27 
3780 81 
7596 27 
3771 81 
3744 81 
1791 243 
7560 27 
3753 81 
3726 81 
1782 243 
3672 81 
1755 243 
1674 243 
7488 27 
3717 81 
3690 81 
1764 243 
3636 81 
1737 243 
1656 243 
3528 81 
1683 243 
1602 243 
1440 243 
15168 9 
7575 27 
7566 27 
3756 81 
7548 27 
3747 81 
3720 81 
1779 243 
7512 27 
3729 81 
3702 81 
1770 243 
3648 81 
1743 243 
1662 243 
7440 27 
3693 81 
3666 81 
1752 243 
3612 81 
1725 243 
1644 243 
3504 81 
1671 243 
1590 243 
1428 243 
7296 27 
3621 81 
3594 81 
1716 243 
3540 81 
1689 243 
1608 243 
3432 81 
1635 243 
1554 243 
1392 243 
3216 81 
1527 243 
1446 243 
1284 243 
14976 9 
7479 27 
7470 27 
3708 81 
7452 27 
3699 81 
3672 81 
1755 243 
7416 27 
3681 81 
3654 81 
1746 243 
3600 81 
1719 243 
1638 243 
7344 27 
3645 81 
3618 81 
1728 243 
3564 81 
1701 243 
1620 243 
3456 81 
1647 243 
1566 243 
1404 243 
7200 27 
3573 81 
3546 81 
1692 243 
3492 81 
1665 243 
1584 243 
3384 81 
1611 243 
1530 243 
1368 243 
3168 81 
1503 243 
1422 243 
1260 243 
6912 27 
3429 81 
3402 81 
1620 243 
3348 81 
1593 243 
1512 243 
3240 81 
1539 243 
1458 243 
1296 243 
3024 81 
1431 243 
1350 243 
1188 243 
2592 81 
1215 243 
1134 243 
972 243 
14592 9 
7287 27 
7278 27 
3612 81 
7260 27 
3603 81 
3576 81 
1707 243 
7224 27 
3585 81 
3558 81 
1698 243 
3504 81 
1671 243 
1590 243 
7152 27 
3549 81 
3522 81 
1680 243 
3468 81 
1653 243 
1572 243 
3360 81 
1599 243 
1518 243 
1356 243 
7008 27 
3477 81 
3450 81 
1644 243 
3396 81 
1617 243 
1536 243 
3288 81 
1563 243 
1482 243 
1320 243 
3072 81 
1455 243 
1374 243 
1212 243 
6720 27 
3333 81 
3306 81 
1572 243 
3252 81 
1545 243 
1464 243 
3144 81 
1491 243 
1410 243 
1248 243 
2928 81 
1383 243 
1302 243 
1140 243 
6144 27 
3045 81 
3018 81 
1428 243 
2964 81 
1401 243 
1320 243 
2856 81 
1347 243 
1266 243 
1104 243 
2640 81 
1239 243 
1158 243 
996 243 
13824 9 
6903 27 
6894 27 
3420 81 
6876 27 
3411 81 
3384 81 
1611 243 
6840 27 
3393 81 
3366 81 
1602 243 
3312 81 
1575 243 
1494 243 
6768 27 
3357 81 
3330 81 
1584 243 
3276 81 
1557 243 
1476 243 
3168 81 
1503 243 
1422 243 
1260 243 
6624 27 
3285 81 
3258 81 
1548 243 
3204 81 
1521 243 
1440 243 
3096 81 
1467 243 
1386 243 
1224 243 
2880 81 
1359 243 
1278 243 
1116 243 
6336 27 
3141 81 
3114 81 
1476 243 
3060 81 
1449 243 
1368 243 
2952 81 
1395 243 
1314 243 
1152 243 
2736 81 
1287 243 
1206 243 
1044 243 
5760 27 
2853 81 
2826 81 
1332 243 
2772 81 
1305 243 
1224 243 
2664 81 
1251 243 
1170 243 
1008 243 
2448 81 
1143 243 
1062 243 
12288 9 
6135 27 
6126 27 
3036 81 
6108 27 
3027 81 
3000 81 
1419 243 
6072 27 
3009 81 
2982 81 
1410 243 
2928 81 
1383 243 
1302 243 
6000 27 
2973 81 
2946 81 
1392 243 
2892 81 
1365 243 
1284 243 
2784 81 
1311 243 
1230 243 
1068 243 
5856 27 
2901 81 
2874 81 
1356 243 
2820 81 
1329 243 
1248 243 
2712 81 
1275 243 
1194 243 
1032 243 
2496 81 
1167 243 
1086 243 
5568 27 
2757 81 
2730 81 
1284 243 
2676 81 
1257 243 
1176 243 
2568 81 
1203 243 
1122 243 
2352 81 
1095 243 
1014 243 
4992 27 
2469 81 
2442 81 
1140 243 
2388 81 
1113 243 
1032 243 
2280 81 
1059 243 
978 243 
2064 81 
951 243 
870 243 
28672 3 
14333 9 
14330 9 
7156 27 
14324 9 
7153 27 
7144 27 
3545 81 
14312 9 
7147 27 
7138 27 
3542 81 
7120 27 
3533 81 
3506 81 
1672 243 
14288 9 
7135 27 
7126 27 
3536 81 
7108 27 
3527 81 
3500 81 
1669 243 
7072 27 
3509 81 
3482 81 
1660 243 
3428 81 
1633 243 
1552 243 
14240 9 
7111 27 
7102 27 
3524 81 
7084 27 
3515 81 
3488 81 
1663 243 
7048 27 
3497 81 
3470 81 
1654 243 
3416 81 
1627 243 
1546 243 
6976 27 
3461 81 
3434 81 
1636 243 
3380 81 
1609 243 
1528 243 
3272 81 
1555 243 
1474 243 
1312 243 
14144 9 
7063 27 
7054 27 
3500 81 
7036 27 
3491 81 
3464 81 
1651 243 
7000 27 
3473 81 
3446 81 
1642 243 
3392 81 
1615 243 
1534 243 
6928 27 
3437 81 
3410 81 
1624 243 
3356 81 
1597 243 
1516 243 
3248 81 
1543 243 
1462 243 
1300 243 
6784 27 
3365 81 
3338 81 
1588 243 
3284 81 
1561 243 
1480 243 
3176 81 
1507 243 
1426 243 
1264 243 
2960 81 
1399 243 
1318 243 
1156 243 
13952 9 
6967 27 
6958 27 
3452 81 
6940 27 
3443 81 
3416 81 
1627 243 
6904 27 
3425 81 
3398 81 
1618 243 
3344 81 
1591 243 
1510 243 
6832 27 
3389 81 
3362 81 
1600 243 
3308 81 
1573 243 
1492 243 
3200 81 
1519 243 
1438 243 
1276 243 
6688 27 
3317 81 
3290 81 
1564 243 
3236 81 
1537 243 
1456 243 
3128 81 
1483 243 
1402 243 
1240 243 
2912 81 
1375 243 
1294 243 
1132 243 
6400 27 
3173 81 
3146 81 
1492 243 
3092 81 
1465 243 
1384 243 
2984 81 
1411 243 
1330 243 
1168 243 
2768 81 
1303 243 
1222 243 
1060 243 
13568 9 
6775 27 
6766 27 
3356 81 
6748 27 
3347 81 
3320 81 
1579 243 
6712 27 
3329 81 
3302 81 
1570 243 
3248 81 
1543 243 
1462 243 
6640 27 
3293 81 
3266 81 
1552 243 
3212 81 
1525 243 
1444 243 
3104 81 
1471 243 
1390 243 
1228 243 
6496 27 
3221 81 
3194 81 
1516 243 
3140 81 
1489 243 
1408 243 
3032 81 
1435 243 
1354 243 
1192 243 
2816 81 
1327 243 
1246 243 
1084 243 
6208 27 
3077 81 
3050 81 
1444 243 
2996 81 
1417 243 
1336 243 
2888 81 
1363 243 
1282 243 
1120 243 
2672 81 
1255 243 
1174 243 
1012 243 
5632 27 
2789 81 
2762 81 
1300 243 
2708 81 
1273 243 
1192 243 
2600 81 
1219 243 
1138 243 
976 243 
2384 81 
1111 243 
1030 243 
12800 9 
6391 27 
6382 27 
3164 81 
6364 27 
3155 81 
3128 81 
1483 243 
6328 27 
3137 81 
3110 81 
1474 243 
3056 81 
1447 243 
1366 243 
6256 27 
3101 81 
3074 81 
1456 243 
3020 81 
1429 243 
1348 243 
2912 81 
1375 243 
1294 243 
1132 243 
6112 27 
3029 81 
3002 81 
1420 243 
2948 81 
1393 243 
1312 243 
2840 81 
1339 243 
1258 243 
1096 243 
2624 81 
1231 243 
1150 243 
988 243 
5824 27 
2885 81 
2858 81 
1348 243 
2804 81 
1321 243 
1240 243 
2696 81 
1267 243 
1186 243 
1024 243 
2480 81 
1159 243 
1078 243 
5248 27 
2597 81 
2570 81 
1204 243 
2516 81 
1177 243 
1096 243 
2408 81 
1123 243 
1042 243 
2192 81 
1015 243 
934 243 
11264 9 
5623 27 
5614 27 
2780 81 
5596 27 
2771 81 
2744 81 
1291 243 
5560 27 
2753 81 
2726 81 
1282 243 
2672 81 
1255 243 
1174 243 
5488 27 
2717 81 
2690 81 
1264 243 
2636 81 
1237 243 
1156 243 
2528 81 
1183 243 
1102 243 
5344 27 
2645 81 
2618 81 
1228 243 
2564 81 
1201 243 
1120 243 
2456 81 
1147 243 
1066 243 
2240 81 
1039 243 
958 243 
5056 27 
2501 81 
2474 81 
1156 243 
2420 81 
1129 243 
1048 243 
2312 81 
1075 243 
994 243 
2096 81 
967 243 
886 243 
4480 27 
2213 81 
2186 81 
1012 243 
2132 81 
985 243 
904 243 
2024 81 
931 243 
850 243 
1808 81 
823 243 
742 243 
24576 3 
12285 9 
12282 9 
6132 27 
12276 9 
6129 27 
6120 27 
3033 81 
12264 9 
6123 27 
6114 27 
3030 81 
6096 27 
3021 81 
2994 81 
1416 243 
12240 9 
6111 27 
6102 27 
3024 81 
6084 27 
3015 81 
2988 81 
1413 243 
6048 27 
2997 81 
2970 81 
1404 243 
2916 81 
1377 243 
1296 243 
12192 9 
6087 27 
6078 27 
3012 81 
6060 27 
3003 81 
2976 81 
1407 243 
6024 27 
2985 81 
2958 81 
1398 243 
2904 81 
1371 243 
1290 243 
5952 27 
2949 81 
2922 81 
1380 243 
2868 81 
1353 243 
1272 243 
2760 81 
1299 243 
1218 243 
1056 243 
12096 9 
6039 27 
6030 27 
2988 81 
6012 27 
2979 81 
2952 81 
1395 243 
5976 27 
2961 81 
2934 81 
1386 243 
2880 81 
1359 243 
1278 243 
5904 27 
2925 81 
2898 81 
1368 243 
2844 81 
1341 243 
1260 243 
2736 81 
1287 243 
1206 243 
1044 243 
5760 27 
2853 81 
2826 81 
1332 243 
2772 81 
1305 243 
1224 243 
2664 81 
1251 243 
1170 243 
1008 243 
2448 81 
1143 243 
1062 243 
11904 9 
5943 27 
5934 27 
2940 81 
5916 27 
2931 81 
2904 81 
1371 243 
5880 27 
2913 81 
2886 81 
1362 243 
2832 81 
1335 243 
1254 243 
5808 27 
2877 81 
2850 81 
1344 243 
2796 81 
1317 243 
1236 243 
2688 81 
1263 243 
1182 243 
1020 243 
5664 27 
2805 81 
2778 81 
1308 243 
2724 81 
1281 243 
1200 243 
2616 81 
1227 243 
1146 243 
984 243 
2400 81 
1119 243 
1038 243 
5376 27 
2661 81 
2634 81 
1236 243 
2580 81 
1209 243 
1128 243 
2472 81 
1155 243 
1074 243 
2256 81 
1047 243 
966 243 
11520 9 
5751 27 
5742 27 
2844 81 
5724 27 
2835 81 
2808 81 
1323 243 
5688 27 
2817 81 
2790 81 
1314 243 
2736 81 
1287 243 
1206 243 
5616 27 
2781 81 
2754 81 
1296 243 
2700 81 
1269 243 
1188 243 
2592 81 
1215 243 
1134 243 
972 243 
5472 27 
2709 81 
2682 81 
1260 243 
2628 81 
1233 243 
1152 243 
2520 81 
1179 243 
1098 243 
2304 81 
1071 243 
990 243 
5184 27 
2565 81 
2538 81 
1188 243 
2484 81 
1161 243 
1080 243 
2376 81 
1107 243 
1026 243 
2160 81 
999 243 
918 243 
4608 27 
2277 81 
2250 81 
1044 243 
2196 81 
1017 243 
936 243 
2088 81 
963 243 
882 243 
1872 81 
855 243 
774 243 
10752 9 
5367 27 
5358 27 
2652 81 
5340 27 
2643 81 
2616 81 
1227 243 
5304 27 
2625 81 
2598 81 
1218 243 
2544 81 
1191 243 
1110 243 
5232 27 
2589 81 
2562 81 
1200 243 
2508 81 
1173 243 
1092 243 
2400 81 
1119 243 
1038 243 
5088 27 
2517 81 
2490 81 
1164 243 
2436 81 
1137 243 
1056 243 
2328 81 
1083 243 
1002 243 
2112 81 
975 243 
894 243 
4800 27 
2373 81 
2346 81 
1092 243 
2292 81 
1065 243 
984 243 
2184 81 
1011 243 
930 243 
1968 81 
903 243 
822 243 
4224 27 
2085 81 
2058 81 
948 243 
2004 81 
921 243 
840 243 
1896 81 
867 243 
786 243 
1680 81 
759 243 
678 243 
9216 9 
4599 27 
4590 27 
2268 81 
4572 27 
2259 81 
2232 81 
1035 243 
4536 27 
2241 81 
2214 81 
1026 243 
2160 81 
999 243 
918 243 
4464 27 
2205 81 
2178 81 
1008 243 
2124 81 
981 243 
900 243 
2016 81 
927 243 
846 243 
4320 27 
2133 81 
2106 81 
972 243 
2052 81 
945 243 
864 243 
1944 81 
891 243 
810 243 
1728 81 
783 243 
702 243 
4032 27 
1989 81 
1962 81 
900 243 
1908 81 
873 243 
792 243 
1800 81 
819 243 
738 243 
1584 81 
711 243 
630 243 
3456 27 
1701 81 
1674 81 
756 243 
1620 81 
729 243 
648 243 
1512 81 
675 243 
594 243 
1296 81 
567 243 
486 243 
