131072 1 
65535 3 
65534 3 
32764 9 
65532 3 
32763 9 
32760 9 
16371 27 
65528 3 
32761 9 
32758 9 
16370 27 
32752 9 
16367 27 
16358 27 
8152 81 
65520 3 
32757 9 
32754 9 
16368 27 
32748 9 
16365 27 
16356 27 
8151 81 
32736 9 
16359 27 
16350 27 
8148 81 
16332 27 
8139 81 
8112 81 
3975 243 
65504 3 
32749 9 
32746 9 
16364 27 
32740 9 
16361 27 
16352 27 
8149 81 
32728 9 
16355 27 
16346 27 
8146 81 
16328 27 
8137 81 
8110 81 
3974 243 
32704 9 
16343 27 
16334 27 
8140 81 
16316 27 
8131 81 
8104 81 
3971 243 
16280 27 
8113 81 
8086 81 
3962 243 
8032 81 
3935 243 
3854 243 
1684 729 
65472 3 
32733 9 
32730 9 
16356 27 
32724 9 
16353 27 
16344 27 
8145 81 
32712 9 
16347 27 
16338 27 
8142 81 
16320 27 
8133 81 
8106 81 
3972 243 
32688 9 
16335 27 
16326 27 
8136 81 
16308 27 
8127 81 
8100 81 
3969 243 
16272 27 
8109 81 
8082 81 
3960 243 
8028 81 
3933 243 
3852 243 
1683 729 
32640 9 
16311 27 
16302 27 
8124 81 
16284 27 
8115 81 
8088 81 
3963 243 
16248 27 
8097 81 
8070 81 
3954 243 
8016 81 
3927 243 
3846 243 
1680 729 
16176 27 
8061 81 
8034 81 
3936 243 
7980 81 
3909 243 
3828 243 
1671 729 
7872 81 
3855 243 
3774 243 
1644 729 
3612 243 
1563 729 
65408 3 
32701 9 
32698 9 
16340 27 
32692 9 
16337 27 
16328 27 
8137 81 
32680 9 
16331 27 
16322 27 
8134 81 
16304 27 
8125 81 
8098 81 
3968 243 
32656 9 
16319 27 
16310 27 
8128 81 
16292 27 
8119 81 
8092 81 
3965 243 
16256 27 
8101 81 
8074 81 
3956 243 
8020 81 
3929 243 
3848 243 
1681 729 
32608 9 
16295 27 
16286 27 
8116 81 
16268 27 
8107 81 
8080 81 
3959 243 
16232 27 
8089 81 
8062 81 
3950 243 
8008 81 
3923 243 
3842 243 
1678 729 
16160 27 
8053 81 
8026 81 
3932 243 
7972 81 
3905 243 
3824 243 
1669 729 
7864 81 
3851 243 
3770 243 
1642 729 
3608 243 
1561 729 
32512 9 
16247 27 
16238 27 
8092 81 
16220 27 
8083 81 
8056 81 
3947 243 
16184 27 
8065 81 
8038 81 
3938 243 
7984 81 
3911 243 
3830 243 
1672 729 
16112 27 
8029 81 
8002 81 
3920 243 
7948 81 
3893 243 
3812 243 
1663 729 
7840 81 
3839 243 
3758 243 
1636 729 
3596 243 
1555 729 
15968 27 
7957 81 
7930 81 
3884 243 
7876 81 
3857 243 
3776 243 
1645 729 
7768 81 
3803 243 
3722 243 
1618 729 
3560 243 
1537 729 
7552 81 
3695 243 
3614 243 
1564 729 
3452 243 
1483 729 
3128 243 
1321 729 
65280 3 
32637 9 
32634 9 
16308 27 
32628 9 
16305 27 
16296 27 
8121 81 
32616 9 
16299 27 
16290 27 
8118 81 
16272 27 
8109 81 
8082 81 
3960 243 
32592 9 
16287 27 
16278 27 
8112 81 
16260 27 
8103 81 
8076 81 
3957 243 
16224 27 
8085 81 
8058 81 
3948 243 
8004 81 
3921 243 
3840 243 
1677 729 
32544 9 
16263 27 
16254 27 
8100 81 
16236 27 
8091 81 
8064 81 
3951 243 
16200 27 
8073 81 
8046 81 
3942 243 
7992 81 
3915 243 
3834 243 
1674 729 
16128 27 
8037 81 
8010 81 
3924 243 
7956 81 
3897 243 
3816 243 
1665 729 
7848 81 
3843 243 
3762 243 
1638 729 
3600 243 
1557 729 
32448 9 
16215 27 
16206 27 
8076 81 
16188 27 
8067 81 
8040 81 
3939 243 
16152 27 
8049 81 
8022 81 
3930 243 
7968 81 
3903 243 
3822 243 
1668 729 
16080 27 
8013 81 
7986 81 
3912 243 
7932 81 
3885 243 
3804 243 
1659 729 
7824 81 
3831 243 
3750 243 
1632 729 
3588 243 
1551 729 
15936 27 
7941 81 
7914 81 
3876 243 
7860 81 
3849 243 
3768 243 
1641 729 
7752 81 
3795 243 
3714 243 
1614 729 
3552 243 
1533 729 
7536 81 
3687 243 
3606 243 
1560 729 
3444 243 
1479 729 
3120 243 
1317 729 
32256 9 
16119 27 
16110 27 
8028 81 
16092 27 
8019 81 
7992 81 
3915 243 
16056 27 
8001 81 
7974 81 
3906 243 
7920 81 
3879 243 
3798 243 
1656 729 
15984 27 
7965 81 
7938 81 
3888 243 
7884 81 
3861 243 
3780 243 
1647 729 
7776 81 
3807 243 
3726 243 
1620 729 
3564 243 
1539 729 
15840 27 
7893 81 
7866 81 
3852 243 
7812 81 
3825 243 
3744 243 
1629 729 
7704 81 
3771 243 
3690 243 
1602 729 
3528 243 
1521 729 
7488 81 
3663 243 
3582 243 
1548 729 
3420 243 
1467 729 
3096 243 
1305 729 
15552 27 
7749 81 
7722 81 
3780 243 
7668 81 
3753 243 
3672 243 
1593 729 
7560 81 
3699 243 
3618 243 
1566 729 
3456 243 
1485 729 
7344 81 
3591 243 
3510 243 
1512 729 
3348 243 
1431 729 
3024 243 
1269 729 
6912 81 
3375 243 
3294 243 
1404 729 
3132 243 
1323 729 
2808 243 
1161 729 
65024 3 
32509 9 
32506 9 
16244 27 
32500 9 
16241 27 
16232 27 
8089 81 
32488 9 
16235 27 
16226 27 
8086 81 
16208 27 
8077 81 
8050 81 
3944 243 
32464 9 
16223 27 
16214 27 
8080 81 
16196 27 
8071 81 
8044 81 
3941 243 
16160 27 
8053 81 
8026 81 
3932 243 
7972 81 
3905 243 
3824 243 
1669 729 
32416 9 
16199 27 
16190 27 
8068 81 
16172 27 
8059 81 
8032 81 
3935 243 
16136 27 
8041 81 
8014 81 
3926 243 
7960 81 
3899 243 
3818 243 
1666 729 
16064 27 
8005 81 
7978 81 
3908 243 
7924 81 
3881 243 
3800 243 
1657 729 
7816 81 
3827 243 
3746 243 
1630 729 
3584 243 
1549 729 
32320 9 
16151 27 
16142 27 
8044 81 
16124 27 
8035 81 
8008 81 
3923 243 
16088 27 
8017 81 
7990 81 
3914 243 
7936 81 
3887 243 
3806 243 
1660 729 
16016 27 
7981 81 
7954 81 
3896 243 
7900 81 
3869 243 
3788 243 
1651 729 
7792 81 
3815 243 
3734 243 
1624 729 
3572 243 
1543 729 
15872 27 
7909 81 
7882 81 
3860 243 
7828 81 
3833 243 
3752 243 
1633 729 
7720 81 
3779 243 
3698 243 
1606 729 
3536 243 
1525 729 
7504 81 
3671 243 
3590 243 
1552 729 
3428 243 
1471 729 
3104 243 
1309 729 
32128 9 
16055 27 
16046 27 
7996 81 
16028 27 
7987 81 
7960 81 
3899 243 
15992 27 
7969 81 
7942 81 
3890 243 
7888 81 
3863 243 
3782 243 
1648 729 
15920 27 
7933 81 
7906 81 
3872 243 
7852 81 
3845 243 
3764 243 
1639 729 
7744 81 
3791 243 
3710 243 
1612 729 
3548 243 
1531 729 
15776 27 
7861 81 
7834 81 
3836 243 
7780 81 
3809 243 
3728 243 
1621 729 
7672 81 
3755 243 
3674 243 
1594 729 
3512 243 
1513 729 
7456 81 
3647 243 
3566 243 
1540 729 
3404 243 
1459 729 
3080 243 
1297 729 
15488 27 
7717 81 
7690 81 
3764 243 
7636 81 
3737 243 
3656 243 
1585 729 
7528 81 
3683 243 
3602 243 
1558 729 
3440 243 
1477 729 
7312 81 
3575 243 
3494 243 
1504 729 
3332 243 
1423 729 
3008 243 
1261 729 
6880 81 
3359 243 
3278 243 
1396 729 
3116 243 
1315 729 
2792 243 
1153 729 
31744 9 
15863 27 
15854 27 
7900 81 
15836 27 
7891 81 
7864 81 
3851 243 
15800 27 
7873 81 
7846 81 
3842 243 
7792 81 
3815 243 
3734 243 
1624 729 
15728 27 
7837 81 
7810 81 
3824 243 
7756 81 
3797 243 
3716 243 
1615 729 
7648 81 
3743 243 
3662 243 
1588 729 
3500 243 
1507 729 
15584 27 
7765 81 
7738 81 
3788 243 
7684 81 
3761 243 
3680 243 
1597 729 
7576 81 
3707 243 
3626 243 
1570 729 
3464 243 
1489 729 
7360 81 
3599 243 
3518 243 
1516 729 
3356 243 
1435 729 
3032 243 
1273 729 
15296 27 
7621 81 
7594 81 
3716 243 
7540 81 
3689 243 
3608 243 
1561 729 
7432 81 
3635 243 
3554 243 
1534 729 
3392 243 
1453 729 
7216 81 
3527 243 
3446 243 
1480 729 
3284 243 
1399 729 
2960 243 
1237 729 
6784 81 
3311 243 
3230 243 
1372 729 
3068 243 
1291 729 
2744 243 
1129 729 
14720 27 
7333 81 
7306 81 
3572 243 
7252 81 
3545 243 
3464 243 
1489 729 
7144 81 
3491 243 
3410 243 
1462 729 
3248 243 
1381 729 
6928 81 
3383 243 
3302 243 
1408 729 
3140 243 
1327 729 
2816 243 
1165 729 
6496 81 
3167 243 
3086 243 
1300 729 
2924 243 
1219 729 
2600 243 
1057 729 
5632 81 
2735 243 
2654 243 
1084 729 
2492 243 
1003 729 
2168 243 
841 729 
64512 3 
32253 9 
32250 9 
16116 27 
32244 9 
16113 27 
16104 27 
8025 81 
32232 9 
16107 27 
16098 27 
8022 81 
16080 27 
8013 81 
7986 81 
3912 243 
32208 9 
16095 27 
16086 27 
8016 81 
16068 27 
8007 81 
7980 81 
3909 243 
16032 27 
7989 81 
7962 81 
3900 243 
7908 81 
3873 243 
3792 243 
1653 729 
32160 9 
16071 27 
16062 27 
8004 81 
16044 27 
7995 81 
7968 81 
3903 243 
16008 27 
7977 81 
7950 81 
3894 243 
7896 81 
3867 243 
3786 243 
1650 729 
15936 27 
7941 81 
7914 81 
3876 243 
7860 81 
3849 243 
3768 243 
1641 729 
7752 81 
3795 243 
3714 243 
1614 729 
3552 243 
1533 729 
32064 9 
16023 27 
16014 27 
7980 81 
15996 27 
7971 81 
7944 81 
3891 243 
15960 27 
7953 81 
7926 81 
3882 243 
7872 81 
3855 243 
3774 243 
1644 729 
15888 27 
7917 81 
7890 81 
3864 243 
7836 81 
3837 243 
3756 243 
1635 729 
7728 81 
3783 243 
3702 243 
1608 729 
3540 243 
1527 729 
15744 27 
7845 81 
7818 81 
3828 243 
7764 81 
3801 243 
3720 243 
1617 729 
7656 81 
3747 243 
3666 243 
1590 729 
3504 243 
1509 729 
7440 81 
3639 243 
3558 243 
1536 729 
3396 243 
1455 729 
3072 243 
1293 729 
31872 9 
15927 27 
15918 27 
7932 81 
15900 27 
7923 81 
7896 81 
3867 243 
15864 27 
7905 81 
7878 81 
3858 243 
7824 81 
3831 243 
3750 243 
1632 729 
15792 27 
7869 81 
7842 81 
3840 243 
7788 81 
3813 243 
3732 243 
1623 729 
7680 81 
3759 243 
3678 243 
1596 729 
3516 243 
1515 729 
15648 27 
7797 81 
7770 81 
3804 243 
7716 81 
3777 243 
3696 243 
1605 729 
7608 81 
3723 243 
3642 243 
1578 729 
3480 243 
1497 729 
7392 81 
3615 243 
3534 243 
1524 729 
3372 243 
1443 729 
3048 243 
1281 729 
15360 27 
7653 81 
7626 81 
3732 243 
7572 81 
3705 243 
3624 243 
1569 729 
7464 81 
3651 243 
3570 243 
1542 729 
3408 243 
1461 729 
7248 81 
3543 243 
3462 243 
1488 729 
3300 243 
1407 729 
2976 243 
1245 729 
6816 81 
3327 243 
3246 243 
1380 729 
3084 243 
1299 729 
2760 243 
1137 729 
31488 9 
15735 27 
15726 27 
7836 81 
15708 27 
7827 81 
7800 81 
3819 243 
15672 27 
7809 81 
7782 81 
3810 243 
7728 81 
3783 243 
3702 243 
1608 729 
15600 27 
7773 81 
7746 81 
3792 243 
7692 81 
3765 243 
3684 243 
1599 729 
7584 81 
3711 243 
3630 243 
1572 729 
3468 243 
1491 729 
15456 27 
7701 81 
7674 81 
3756 243 
7620 81 
3729 243 
3648 243 
1581 729 
7512 81 
3675 243 
3594 243 
1554 729 
3432 243 
1473 729 
7296 81 
3567 243 
3486 243 
1500 729 
3324 243 
1419 729 
3000 243 
1257 729 
15168 27 
7557 81 
7530 81 
3684 243 
7476 81 
3657 243 
3576 243 
1545 729 
7368 81 
3603 243 
3522 243 
1518 729 
3360 243 
1437 729 
7152 81 
3495 243 
3414 243 
1464 729 
3252 243 
1383 729 
2928 243 
1221 729 
6720 81 
3279 243 
3198 243 
1356 729 
3036 243 
1275 729 
2712 243 
1113 729 
14592 27 
7269 81 
7242 81 
3540 243 
7188 81 
3513 243 
3432 243 
1473 729 
7080 81 
3459 243 
3378 243 
1446 729 
3216 243 
1365 729 
6864 81 
3351 243 
3270 243 
1392 729 
3108 243 
1311 729 
2784 243 
1149 729 
6432 81 
3135 243 
3054 243 
1284 729 
2892 243 
1203 729 
2568 243 
1041 729 
5568 81 
2703 243 
2622 243 
1068 729 
2460 243 
987 729 
2136 243 
825 729 
30720 9 
15351 27 
15342 27 
7644 81 
15324 27 
7635 81 
7608 81 
3723 243 
15288 27 
7617 81 
7590 81 
3714 243 
7536 81 
3687 243 
3606 243 
1560 729 
15216 27 
7581 81 
7554 81 
3696 243 
7500 81 
3669 243 
3588 243 
1551 729 
7392 81 
3615 243 
3534 243 
1524 729 
3372 243 
1443 729 
15072 27 
7509 81 
7482 81 
3660 243 
7428 81 
3633 243 
3552 243 
1533 729 
7320 81 
3579 243 
3498 243 
1506 729 
3336 243 
1425 729 
7104 81 
3471 243 
3390 243 
1452 729 
3228 243 
1371 729 
2904 243 
1209 729 
14784 27 
7365 81 
7338 81 
3588 243 
7284 81 
3561 243 
3480 243 
1497 729 
7176 81 
3507 243 
3426 243 
1470 729 
3264 243 
1389 729 
6960 81 
3399 243 
3318 243 
1416 729 
3156 243 
1335 729 
2832 243 
1173 729 
6528 81 
3183 243 
3102 243 
1308 729 
2940 243 
1227 729 
2616 243 
1065 729 
14208 27 
7077 81 
7050 81 
3444 243 
6996 81 
3417 243 
3336 243 
1425 729 
6888 81 
3363 243 
3282 243 
1398 729 
3120 243 
1317 729 
6672 81 
3255 243 
3174 243 
1344 729 
3012 243 
1263 729 
2688 243 
1101 729 
6240 81 
3039 243 
2958 243 
1236 729 
2796 243 
1155 729 
2472 243 
993 729 
5376 81 
2607 243 
2526 243 
1020 729 
2364 243 
939 729 
2040 243 
777 729 
13056 27 
6501 81 
6474 81 
3156 243 
6420 81 
3129 243 
3048 243 
1281 729 
6312 81 
3075 243 
2994 243 
1254 729 
2832 243 
1173 729 
6096 81 
2967 243 
2886 243 
1200 729 
2724 243 
1119 729 
2400 243 
957 729 
5664 81 
2751 243 
2670 243 
1092 729 
2508 243 
1011 729 
2184 243 
849 729 
63488 3 
31741 9 
31738 9 
15860 27 
31732 9 
15857 27 
15848 27 
7897 81 
31720 9 
15851 27 
15842 27 
7894 81 
15824 27 
7885 81 
7858 81 
3848 243 
31696 9 
15839 27 
15830 27 
7888 81 
15812 27 
7879 81 
7852 81 
3845 243 
15776 27 
7861 81 
7834 81 
3836 243 
7780 81 
3809 243 
3728 243 
1621 729 
31648 9 
15815 27 
15806 27 
7876 81 
15788 27 
7867 81 
7840 81 
3839 243 
15752 27 
7849 81 
7822 81 
3830 243 
7768 81 
3803 243 
3722 243 
1618 729 
15680 27 
7813 81 
7786 81 
3812 243 
7732 81 
3785 243 
3704 243 
1609 729 
7624 81 
3731 243 
3650 243 
1582 729 
3488 243 
1501 729 
31552 9 
15767 27 
15758 27 
7852 81 
15740 27 
7843 81 
7816 81 
3827 243 
15704 27 
7825 81 
7798 81 
3818 243 
7744 81 
3791 243 
3710 243 
1612 729 
15632 27 
7789 81 
7762 81 
3800 243 
7708 81 
3773 243 
3692 243 
1603 729 
7600 81 
3719 243 
3638 243 
1576 729 
3476 243 
1495 729 
15488 27 
7717 81 
7690 81 
3764 243 
7636 81 
3737 243 
3656 243 
1585 729 
7528 81 
3683 243 
3602 243 
1558 729 
3440 243 
1477 729 
7312 81 
3575 243 
3494 243 
1504 729 
3332 243 
1423 729 
3008 243 
1261 729 
31360 9 
15671 27 
15662 27 
7804 81 
15644 27 
7795 81 
7768 81 
3803 243 
15608 27 
7777 81 
7750 81 
3794 243 
7696 81 
3767 243 
3686 243 
1600 729 
15536 27 
7741 81 
7714 81 
3776 243 
7660 81 
3749 243 
3668 243 
1591 729 
7552 81 
3695 243 
3614 243 
1564 729 
3452 243 
1483 729 
15392 27 
7669 81 
7642 81 
3740 243 
7588 81 
3713 243 
3632 243 
1573 729 
7480 81 
3659 243 
3578 243 
1546 729 
3416 243 
1465 729 
7264 81 
3551 243 
3470 243 
1492 729 
3308 243 
1411 729 
2984 243 
1249 729 
15104 27 
7525 81 
7498 81 
3668 243 
7444 81 
3641 243 
3560 243 
1537 729 
7336 81 
3587 243 
3506 243 
1510 729 
3344 243 
1429 729 
7120 81 
3479 243 
3398 243 
1456 729 
3236 243 
1375 729 
2912 243 
1213 729 
6688 81 
3263 243 
3182 243 
1348 729 
3020 243 
1267 729 
2696 243 
1105 729 
30976 9 
15479 27 
15470 27 
7708 81 
15452 27 
7699 81 
7672 81 
3755 243 
15416 27 
7681 81 
7654 81 
3746 243 
7600 81 
3719 243 
3638 243 
1576 729 
15344 27 
7645 81 
7618 81 
3728 243 
7564 81 
3701 243 
3620 243 
1567 729 
7456 81 
3647 243 
3566 243 
1540 729 
3404 243 
1459 729 
15200 27 
7573 81 
7546 81 
3692 243 
7492 81 
3665 243 
3584 243 
1549 729 
7384 81 
3611 243 
3530 243 
1522 729 
3368 243 
1441 729 
7168 81 
3503 243 
3422 243 
1468 729 
3260 243 
1387 729 
2936 243 
1225 729 
14912 27 
7429 81 
7402 81 
3620 243 
7348 81 
3593 243 
3512 243 
1513 729 
7240 81 
3539 243 
3458 243 
1486 729 
3296 243 
1405 729 
7024 81 
3431 243 
3350 243 
1432 729 
3188 243 
1351 729 
2864 243 
1189 729 
6592 81 
3215 243 
3134 243 
1324 729 
2972 243 
1243 729 
2648 243 
1081 729 
14336 27 
7141 81 
7114 81 
3476 243 
7060 81 
3449 243 
3368 243 
1441 729 
6952 81 
3395 243 
3314 243 
1414 729 
3152 243 
1333 729 
6736 81 
3287 243 
3206 243 
1360 729 
3044 243 
1279 729 
2720 243 
1117 729 
6304 81 
3071 243 
2990 243 
1252 729 
2828 243 
1171 729 
2504 243 
1009 729 
5440 81 
2639 243 
2558 243 
1036 729 
2396 243 
955 729 
2072 243 
793 729 
30208 9 
15095 27 
15086 27 
7516 81 
15068 27 
7507 81 
7480 81 
3659 243 
15032 27 
7489 81 
7462 81 
3650 243 
7408 81 
3623 243 
3542 243 
1528 729 
14960 27 
7453 81 
7426 81 
3632 243 
7372 81 
3605 243 
3524 243 
1519 729 
7264 81 
3551 243 
3470 243 
1492 729 
3308 243 
1411 729 
14816 27 
7381 81 
7354 81 
3596 243 
7300 81 
3569 243 
3488 243 
1501 729 
7192 81 
3515 243 
3434 243 
1474 729 
3272 243 
1393 729 
6976 81 
3407 243 
3326 243 
1420 729 
3164 243 
1339 729 
2840 243 
1177 729 
14528 27 
7237 81 
7210 81 
3524 243 
7156 81 
3497 243 
3416 243 
1465 729 
7048 81 
3443 243 
3362 243 
1438 729 
3200 243 
1357 729 
6832 81 
3335 243 
3254 243 
1384 729 
3092 243 
1303 729 
2768 243 
1141 729 
6400 81 
3119 243 
3038 243 
1276 729 
2876 243 
1195 729 
2552 243 
1033 729 
13952 27 
6949 81 
6922 81 
3380 243 
6868 81 
3353 243 
3272 243 
1393 729 
6760 81 
3299 243 
3218 243 
1366 729 
3056 243 
1285 729 
6544 81 
3191 243 
3110 243 
1312 729 
2948 243 
1231 729 
2624 243 
1069 729 
6112 81 
2975 243 
2894 243 
1204 729 
2732 243 
1123 729 
2408 243 
961 729 
5248 81 
2543 243 
2462 243 
988 729 
2300 243 
907 729 
1976 243 
745 729 
12800 27 
6373 81 
6346 81 
3092 243 
6292 81 
3065 243 
2984 243 
1249 729 
6184 81 
3011 243 
2930 243 
1222 729 
2768 243 
1141 729 
5968 81 
2903 243 
2822 243 
1168 729 
2660 243 
1087 729 
2336 243 
925 729 
5536 81 
2687 243 
2606 243 
1060 729 
2444 243 
979 729 
2120 243 
817 729 
28672 9 
14327 27 
14318 27 
7132 81 
14300 27 
7123 81 
7096 81 
3467 243 
14264 27 
7105 81 
7078 81 
3458 243 
7024 81 
3431 243 
3350 243 
1432 729 
14192 27 
7069 81 
7042 81 
3440 243 
6988 81 
3413 243 
3332 243 
1423 729 
6880 81 
3359 243 
3278 243 
1396 729 
3116 243 
1315 729 
14048 27 
6997 81 
6970 81 
3404 243 
6916 81 
3377 243 
3296 243 
1405 729 
6808 81 
3323 243 
3242 243 
1378 729 
3080 243 
1297 729 
6592 81 
3215 243 
3134 243 
1324 729 
2972 243 
1243 729 
2648 243 
1081 729 
13760 27 
6853 81 
6826 81 
3332 243 
6772 81 
3305 243 
3224 243 
1369 729 
6664 81 
3251 243 
3170 243 
1342 729 
3008 243 
1261 729 
6448 81 
3143 243 
3062 243 
1288 729 
2900 243 
1207 729 
2576 243 
1045 729 
6016 81 
2927 243 
2846 243 
1180 729 
2684 243 
1099 729 
2360 243 
937 729 
13184 27 
6565 81 
6538 81 
3188 243 
6484 81 
3161 243 
3080 243 
1297 729 
6376 81 
3107 243 
3026 243 
1270 729 
2864 243 
1189 729 
6160 81 
2999 243 
2918 243 
1216 729 
2756 243 
1135 729 
2432 243 
973 729 
5728 81 
2783 243 
2702 243 
1108 729 
2540 243 
1027 729 
2216 243 
865 729 
12032 27 
5989 81 
5962 81 
2900 243 
5908 81 
2873 243 
2792 243 
1153 729 
5800 81 
2819 243 
2738 243 
1126 729 
2576 243 
1045 729 
5584 81 
2711 243 
2630 243 
1072 729 
2468 243 
991 729 
2144 243 
829 729 
5152 81 
2495 243 
2414 243 
964 729 
2252 243 
883 729 
61440 3 
30717 9 
30714 9 
15348 27 
30708 9 
15345 27 
15336 27 
7641 81 
30696 9 
15339 27 
15330 27 
7638 81 
15312 27 
7629 81 
7602 81 
3720 243 
30672 9 
15327 27 
15318 27 
7632 81 
15300 27 
7623 81 
7596 81 
3717 243 
15264 27 
7605 81 
7578 81 
3708 243 
7524 81 
3681 243 
3600 243 
1557 729 
30624 9 
15303 27 
15294 27 
7620 81 
15276 27 
7611 81 
7584 81 
3711 243 
15240 27 
7593 81 
7566 81 
3702 243 
7512 81 
3675 243 
3594 243 
1554 729 
15168 27 
7557 81 
7530 81 
3684 243 
7476 81 
3657 243 
3576 243 
1545 729 
7368 81 
3603 243 
3522 243 
1518 729 
3360 243 
1437 729 
30528 9 
15255 27 
15246 27 
7596 81 
15228 27 
7587 81 
7560 81 
3699 243 
15192 27 
7569 81 
7542 81 
3690 243 
7488 81 
3663 243 
3582 243 
1548 729 
15120 27 
7533 81 
7506 81 
3672 243 
7452 81 
3645 243 
3564 243 
1539 729 
7344 81 
3591 243 
3510 243 
1512 729 
3348 243 
1431 729 
14976 27 
7461 81 
7434 81 
3636 243 
7380 81 
3609 243 
3528 243 
1521 729 
7272 81 
3555 243 
3474 243 
1494 729 
3312 243 
1413 729 
7056 81 
3447 243 
3366 243 
1440 729 
3204 243 
1359 729 
2880 243 
1197 729 
30336 9 
15159 27 
15150 27 
7548 81 
15132 27 
7539 81 
7512 81 
3675 243 
15096 27 
7521 81 
7494 81 
3666 243 
7440 81 
3639 243 
3558 243 
1536 729 
15024 27 
7485 81 
7458 81 
3648 243 
7404 81 
3621 243 
3540 243 
1527 729 
7296 81 
3567 243 
3486 243 
1500 729 
3324 243 
1419 729 
14880 27 
7413 81 
7386 81 
3612 243 
7332 81 
3585 243 
3504 243 
1509 729 
7224 81 
3531 243 
3450 243 
1482 729 
3288 243 
1401 729 
7008 81 
3423 243 
3342 243 
1428 729 
3180 243 
1347 729 
2856 243 
1185 729 
14592 27 
7269 81 
7242 81 
3540 243 
7188 81 
3513 243 
3432 243 
1473 729 
7080 81 
3459 243 
3378 243 
1446 729 
3216 243 
1365 729 
6864 81 
3351 243 
3270 243 
1392 729 
3108 243 
1311 729 
2784 243 
1149 729 
6432 81 
3135 243 
3054 243 
1284 729 
2892 243 
1203 729 
2568 243 
1041 729 
29952 9 
14967 27 
14958 27 
7452 81 
14940 27 
7443 81 
7416 81 
3627 243 
14904 27 
7425 81 
7398 81 
3618 243 
7344 81 
3591 243 
3510 243 
1512 729 
14832 27 
7389 81 
7362 81 
3600 243 
7308 81 
3573 243 
3492 243 
1503 729 
7200 81 
3519 243 
3438 243 
1476 729 
3276 243 
1395 729 
14688 27 
7317 81 
7290 81 
3564 243 
7236 81 
3537 243 
3456 243 
1485 729 
7128 81 
3483 243 
3402 243 
1458 729 
3240 243 
1377 729 
6912 81 
3375 243 
3294 243 
1404 729 
3132 243 
1323 729 
2808 243 
1161 729 
14400 27 
7173 81 
7146 81 
3492 243 
7092 81 
3465 243 
3384 243 
1449 729 
6984 81 
3411 243 
3330 243 
1422 729 
3168 243 
1341 729 
6768 81 
3303 243 
3222 243 
1368 729 
3060 243 
1287 729 
2736 243 
1125 729 
6336 81 
3087 243 
3006 243 
1260 729 
2844 243 
1179 729 
2520 243 
1017 729 
13824 27 
6885 81 
6858 81 
3348 243 
6804 81 
3321 243 
3240 243 
1377 729 
6696 81 
3267 243 
3186 243 
1350 729 
3024 243 
1269 729 
6480 81 
3159 243 
3078 243 
1296 729 
2916 243 
1215 729 
2592 243 
1053 729 
6048 81 
2943 243 
2862 243 
1188 729 
2700 243 
1107 729 
2376 243 
945 729 
5184 81 
2511 243 
2430 243 
972 729 
2268 243 
891 729 
1944 243 
729 729 
29184 9 
14583 27 
14574 27 
7260 81 
14556 27 
7251 81 
7224 81 
3531 243 
14520 27 
7233 81 
7206 81 
3522 243 
7152 81 
3495 243 
3414 243 
1464 729 
14448 27 
7197 81 
7170 81 
3504 243 
7116 81 
3477 243 
3396 243 
1455 729 
7008 81 
3423 243 
3342 243 
1428 729 
3180 243 
1347 729 
14304 27 
7125 81 
7098 81 
3468 243 
7044 81 
3441 243 
3360 243 
1437 729 
6936 81 
3387 243 
3306 243 
1410 729 
3144 243 
1329 729 
6720 81 
3279 243 
3198 243 
1356 729 
3036 243 
1275 729 
2712 243 
1113 729 
14016 27 
6981 81 
6954 81 
3396 243 
6900 81 
3369 243 
3288 243 
1401 729 
6792 81 
3315 243 
3234 243 
1374 729 
3072 243 
1293 729 
6576 81 
3207 243 
3126 243 
1320 729 
2964 243 
1239 729 
2640 243 
1077 729 
6144 81 
2991 243 
2910 243 
1212 729 
2748 243 
1131 729 
2424 243 
969 729 
13440 27 
6693 81 
6666 81 
3252 243 
6612 81 
3225 243 
3144 243 
1329 729 
6504 81 
3171 243 
3090 243 
1302 729 
2928 243 
1221 729 
6288 81 
3063 243 
2982 243 
1248 729 
2820 243 
1167 729 
2496 243 
1005 729 
5856 81 
2847 243 
2766 243 
1140 729 
2604 243 
1059 729 
2280 243 
897 729 
12288 27 
6117 81 
6090 81 
2964 243 
6036 81 
2937 243 
2856 243 
1185 729 
5928 81 
2883 243 
2802 243 
1158 729 
2640 243 
1077 729 
5712 81 
2775 243 
2694 243 
1104 729 
2532 243 
1023 729 
2208 243 
861 729 
5280 81 
2559 243 
2478 243 
996 729 
2316 243 
915 729 
1992 243 
753 729 
27648 9 
13815 27 
13806 27 
6876 81 
13788 27 
6867 81 
6840 81 
3339 243 
13752 27 
6849 81 
6822 81 
3330 243 
6768 81 
3303 243 
3222 243 
1368 729 
13680 27 
6813 81 
6786 81 
3312 243 
6732 81 
3285 243 
3204 243 
1359 729 
6624 81 
3231 243 
3150 243 
1332 729 
2988 243 
1251 729 
13536 27 
6741 81 
6714 81 
3276 243 
6660 81 
3249 243 
3168 243 
1341 729 
6552 81 
3195 243 
3114 243 
1314 729 
2952 243 
1233 729 
6336 81 
3087 243 
3006 243 
1260 729 
2844 243 
1179 729 
2520 243 
1017 729 
13248 27 
6597 81 
6570 81 
3204 243 
6516 81 
3177 243 
3096 243 
1305 729 
6408 81 
3123 243 
3042 243 
1278 729 
2880 243 
1197 729 
6192 81 
3015 243 
2934 243 
1224 729 
2772 243 
1143 729 
2448 243 
981 729 
5760 81 
2799 243 
2718 243 
1116 729 
2556 243 
1035 729 
2232 243 
873 729 
12672 27 
6309 81 
6282 81 
3060 243 
6228 81 
3033 243 
2952 243 
1233 729 
6120 81 
2979 243 
2898 243 
1206 729 
2736 243 
1125 729 
5904 81 
2871 243 
2790 243 
1152 729 
2628 243 
1071 729 
2304 243 
909 729 
5472 81 
2655 243 
2574 243 
1044 729 
2412 243 
963 729 
2088 243 
801 729 
11520 27 
5733 81 
5706 81 
2772 243 
5652 81 
2745 243 
2664 243 
1089 729 
5544 81 
2691 243 
2610 243 
1062 729 
2448 243 
981 729 
5328 81 
2583 243 
2502 243 
1008 729 
2340 243 
927 729 
2016 243 
765 729 
4896 81 
2367 243 
2286 243 
900 729 
2124 243 
819 729 
24576 9 
12279 27 
12270 27 
6108 81 
12252 27 
6099 81 
6072 81 
2955 243 
12216 27 
6081 81 
6054 81 
2946 243 
6000 81 
2919 243 
2838 243 
1176 729 
12144 27 
6045 81 
6018 81 
2928 243 
5964 81 
2901 243 
2820 243 
1167 729 
5856 81 
2847 243 
2766 243 
1140 729 
2604 243 
1059 729 
12000 27 
5973 81 
5946 81 
2892 243 
5892 81 
2865 243 
2784 243 
1149 729 
5784 81 
2811 243 
2730 243 
1122 729 
2568 243 
1041 729 
5568 81 
2703 243 
2622 243 
1068 729 
2460 243 
987 729 
2136 243 
825 729 
11712 27 
5829 81 
5802 81 
2820 243 
5748 81 
2793 243 
2712 243 
1113 729 
5640 81 
2739 243 
2658 243 
1086 729 
2496 243 
1005 729 
5424 81 
2631 243 
2550 243 
1032 729 
2388 243 
951 729 
2064 243 
789 729 
4992 81 
2415 243 
2334 243 
924 729 
2172 243 
843 729 
11136 27 
5541 81 
5514 81 
2676 243 
5460 81 
2649 243 
2568 243 
1041 729 
5352 81 
2595 243 
2514 243 
1014 729 
2352 243 
933 729 
5136 81 
2487 243 
2406 243 
960 729 
2244 243 
879 729 
4704 81 
2271 243 
2190 243 
852 729 
2028 243 
771 729 
9984 27 
4965 81 
4938 81 
2388 243 
4884 81 
2361 243 
2280 243 
897 729 
4776 81 
2307 243 
2226 243 
870 729 
2064 243 
789 729 
4560 81 
2199 243 
2118 243 
816 729 
1956 243 
735 729 
4128 81 
1983 243 
1902 243 
1740 243 
57344 3 
28669 9 
28666 9 
14324 27 
28660 9 
14321 27 
14312 27 
7129 81 
28648 9 
14315 27 
14306 27 
7126 81 
14288 27 
7117 81 
7090 81 
3464 243 
28624 9 
14303 27 
14294 27 
7120 81 
14276 27 
7111 81 
7084 81 
3461 243 
14240 27 
7093 81 
7066 81 
3452 243 
7012 81 
3425 243 
3344 243 
1429 729 
28576 9 
14279 27 
14270 27 
7108 81 
14252 27 
7099 81 
7072 81 
3455 243 
14216 27 
7081 81 
7054 81 
3446 243 
7000 81 
3419 243 
3338 243 
1426 729 
14144 27 
7045 81 
7018 81 
3428 243 
6964 81 
3401 243 
3320 243 
1417 729 
6856 81 
3347 243 
3266 243 
1390 729 
3104 243 
1309 729 
28480 9 
14231 27 
14222 27 
7084 81 
14204 27 
7075 81 
7048 81 
3443 243 
14168 27 
7057 81 
7030 81 
3434 243 
6976 81 
3407 243 
3326 243 
1420 729 
14096 27 
7021 81 
6994 81 
3416 243 
6940 81 
3389 243 
3308 243 
1411 729 
6832 81 
3335 243 
3254 243 
1384 729 
3092 243 
1303 729 
13952 27 
6949 81 
6922 81 
3380 243 
6868 81 
3353 243 
3272 243 
1393 729 
6760 81 
3299 243 
3218 243 
1366 729 
3056 243 
1285 729 
6544 81 
3191 243 
3110 243 
1312 729 
2948 243 
1231 729 
2624 243 
1069 729 
28288 9 
14135 27 
14126 27 
7036 81 
14108 27 
7027 81 
7000 81 
3419 243 
14072 27 
7009 81 
6982 81 
3410 243 
6928 81 
3383 243 
3302 243 
1408 729 
14000 27 
6973 81 
6946 81 
3392 243 
6892 81 
3365 243 
3284 243 
1399 729 
6784 81 
3311 243 
3230 243 
1372 729 
3068 243 
1291 729 
13856 27 
6901 81 
6874 81 
3356 243 
6820 81 
3329 243 
3248 243 
1381 729 
6712 81 
3275 243 
3194 243 
1354 729 
3032 243 
1273 729 
6496 81 
3167 243 
3086 243 
1300 729 
2924 243 
1219 729 
2600 243 
1057 729 
13568 27 
6757 81 
6730 81 
3284 243 
6676 81 
3257 243 
3176 243 
1345 729 
6568 81 
3203 243 
3122 243 
1318 729 
2960 243 
1237 729 
6352 81 
3095 243 
3014 243 
1264 729 
2852 243 
1183 729 
2528 243 
1021 729 
5920 81 
2879 243 
2798 243 
1156 729 
2636 243 
1075 729 
2312 243 
913 729 
27904 9 
13943 27 
13934 27 
6940 81 
13916 27 
6931 81 
6904 81 
3371 243 
13880 27 
6913 81 
6886 81 
3362 243 
6832 81 
3335 243 
3254 243 
1384 729 
13808 27 
6877 81 
6850 81 
3344 243 
6796 81 
3317 243 
3236 243 
1375 729 
6688 81 
3263 243 
3182 243 
1348 729 
3020 243 
1267 729 
13664 27 
6805 81 
6778 81 
3308 243 
6724 81 
3281 243 
3200 243 
1357 729 
6616 81 
3227 243 
3146 243 
1330 729 
2984 243 
1249 729 
6400 81 
3119 243 
3038 243 
1276 729 
2876 243 
1195 729 
2552 243 
1033 729 
13376 27 
6661 81 
6634 81 
3236 243 
6580 81 
3209 243 
3128 243 
1321 729 
6472 81 
3155 243 
3074 243 
1294 729 
2912 243 
1213 729 
6256 81 
3047 243 
2966 243 
1240 729 
2804 243 
1159 729 
2480 243 
997 729 
5824 81 
2831 243 
2750 243 
1132 729 
2588 243 
1051 729 
2264 243 
889 729 
12800 27 
6373 81 
6346 81 
3092 243 
6292 81 
3065 243 
2984 243 
1249 729 
6184 81 
3011 243 
2930 243 
1222 729 
2768 243 
1141 729 
5968 81 
2903 243 
2822 243 
1168 729 
2660 243 
1087 729 
2336 243 
925 729 
5536 81 
2687 243 
2606 243 
1060 729 
2444 243 
979 729 
2120 243 
817 729 
27136 9 
13559 27 
13550 27 
6748 81 
13532 27 
6739 81 
6712 81 
3275 243 
13496 27 
6721 81 
6694 81 
3266 243 
6640 81 
3239 243 
3158 243 
1336 729 
13424 27 
6685 81 
6658 81 
3248 243 
6604 81 
3221 243 
3140 243 
1327 729 
6496 81 
3167 243 
3086 243 
1300 729 
2924 243 
1219 729 
13280 27 
6613 81 
6586 81 
3212 243 
6532 81 
3185 243 
3104 243 
1309 729 
6424 81 
3131 243 
3050 243 
1282 729 
2888 243 
1201 729 
6208 81 
3023 243 
2942 243 
1228 729 
2780 243 
1147 729 
2456 243 
985 729 
12992 27 
6469 81 
6442 81 
3140 243 
6388 81 
3113 243 
3032 243 
1273 729 
6280 81 
3059 243 
2978 243 
1246 729 
2816 243 
1165 729 
6064 81 
2951 243 
2870 243 
1192 729 
2708 243 
1111 729 
2384 243 
949 729 
5632 81 
2735 243 
2654 243 
1084 729 
2492 243 
1003 729 
2168 243 
841 729 
12416 27 
6181 81 
6154 81 
2996 243 
6100 81 
2969 243 
2888 243 
1201 729 
5992 81 
2915 243 
2834 243 
1174 729 
2672 243 
1093 729 
5776 81 
2807 243 
2726 243 
1120 729 
2564 243 
1039 729 
2240 243 
877 729 
5344 81 
2591 243 
2510 243 
1012 729 
2348 243 
931 729 
2024 243 
769 729 
11264 27 
5605 81 
5578 81 
2708 243 
5524 81 
2681 243 
2600 243 
1057 729 
5416 81 
2627 243 
2546 243 
1030 729 
2384 243 
949 729 
5200 81 
2519 243 
2438 243 
976 729 
2276 243 
895 729 
1952 243 
733 729 
4768 81 
2303 243 
2222 243 
868 729 
2060 243 
787 729 
25600 9 
12791 27 
12782 27 
6364 81 
12764 27 
6355 81 
6328 81 
3083 243 
12728 27 
6337 81 
6310 81 
3074 243 
6256 81 
3047 243 
2966 243 
1240 729 
12656 27 
6301 81 
6274 81 
3056 243 
6220 81 
3029 243 
2948 243 
1231 729 
6112 81 
2975 243 
2894 243 
1204 729 
2732 243 
1123 729 
12512 27 
6229 81 
6202 81 
3020 243 
6148 81 
2993 243 
2912 243 
1213 729 
6040 81 
2939 243 
2858 243 
1186 729 
2696 243 
1105 729 
5824 81 
2831 243 
2750 243 
1132 729 
2588 243 
1051 729 
2264 243 
889 729 
12224 27 
6085 81 
6058 81 
2948 243 
6004 81 
2921 243 
2840 243 
1177 729 
5896 81 
2867 243 
2786 243 
1150 729 
2624 243 
1069 729 
5680 81 
2759 243 
2678 243 
1096 729 
2516 243 
1015 729 
2192 243 
853 729 
5248 81 
2543 243 
2462 243 
988 729 
2300 243 
907 729 
1976 243 
745 729 
11648 27 
5797 81 
5770 81 
2804 243 
5716 81 
2777 243 
2696 243 
1105 729 
5608 81 
2723 243 
2642 243 
1078 729 
2480 243 
997 729 
5392 81 
2615 243 
2534 243 
1024 729 
2372 243 
943 729 
2048 243 
781 729 
4960 81 
2399 243 
2318 243 
916 729 
2156 243 
835 729 
10496 27 
5221 81 
5194 81 
2516 243 
5140 81 
2489 243 
2408 243 
961 729 
5032 81 
2435 243 
2354 243 
934 729 
2192 243 
853 729 
4816 81 
2327 243 
2246 243 
880 729 
2084 243 
799 729 
4384 81 
2111 243 
2030 243 
772 729 
1868 243 
22528 9 
11255 27 
11246 27 
5596 81 
11228 27 
5587 81 
5560 81 
2699 243 
11192 27 
5569 81 
5542 81 
2690 243 
5488 81 
2663 243 
2582 243 
1048 729 
11120 27 
5533 81 
5506 81 
2672 243 
5452 81 
2645 243 
2564 243 
1039 729 
5344 81 
2591 243 
2510 243 
1012 729 
2348 243 
931 729 
10976 27 
5461 81 
5434 81 
2636 243 
5380 81 
2609 243 
2528 243 
1021 729 
5272 81 
2555 243 
2474 243 
994 729 
2312 243 
913 729 
5056 81 
2447 243 
2366 243 
940 729 
2204 243 
859 729 
10688 27 
5317 81 
5290 81 
2564 243 
5236 81 
2537 243 
2456 243 
985 729 
5128 81 
2483 243 
2402 243 
958 729 
2240 243 
877 729 
4912 81 
2375 243 
2294 243 
904 729 
2132 243 
823 729 
4480 81 
2159 243 
2078 243 
796 729 
1916 243 
10112 27 
5029 81 
5002 81 
2420 243 
4948 81 
2393 243 
2312 243 
913 729 
4840 81 
2339 243 
2258 243 
886 729 
2096 243 
805 729 
4624 81 
2231 243 
2150 243 
832 729 
1988 243 
751 729 
4192 81 
2015 243 
1934 243 
1772 243 
8960 27 
4453 81 
4426 81 
2132 243 
4372 81 
2105 243 
2024 243 
769 729 
4264 81 
2051 243 
1970 243 
742 729 
1808 243 
4048 81 
1943 243 
1862 243 
1700 243 
3616 81 
1727 243 
1646 243 
1484 243 
49152 3 
24573 9 
24570 9 
12276 27 
24564 9 
12273 27 
12264 27 
6105 81 
24552 9 
12267 27 
12258 27 
6102 81 
12240 27 
6093 81 
6066 81 
2952 243 
24528 9 
12255 27 
12246 27 
6096 81 
12228 27 
6087 81 
6060 81 
2949 243 
12192 27 
6069 81 
6042 81 
2940 243 
5988 81 
2913 243 
2832 243 
1173 729 
24480 9 
12231 27 
12222 27 
6084 81 
12204 27 
6075 81 
6048 81 
2943 243 
12168 27 
6057 81 
6030 81 
2934 243 
5976 81 
2907 243 
2826 243 
1170 729 
12096 27 
6021 81 
5994 81 
2916 243 
5940 81 
2889 243 
2808 243 
1161 729 
5832 81 
2835 243 
2754 243 
1134 729 
2592 243 
1053 729 
24384 9 
12183 27 
12174 27 
6060 81 
12156 27 
6051 81 
6024 81 
2931 243 
12120 27 
6033 81 
6006 81 
2922 243 
5952 81 
2895 243 
2814 243 
1164 729 
12048 27 
5997 81 
5970 81 
2904 243 
5916 81 
2877 243 
2796 243 
1155 729 
5808 81 
2823 243 
2742 243 
1128 729 
2580 243 
1047 729 
11904 27 
5925 81 
5898 81 
2868 243 
5844 81 
2841 243 
2760 243 
1137 729 
5736 81 
2787 243 
2706 243 
1110 729 
2544 243 
1029 729 
5520 81 
2679 243 
2598 243 
1056 729 
2436 243 
975 729 
2112 243 
813 729 
24192 9 
12087 27 
12078 27 
6012 81 
12060 27 
6003 81 
5976 81 
2907 243 
12024 27 
5985 81 
5958 81 
2898 243 
5904 81 
2871 243 
2790 243 
1152 729 
11952 27 
5949 81 
5922 81 
2880 243 
5868 81 
2853 243 
2772 243 
1143 729 
5760 81 
2799 243 
2718 243 
1116 729 
2556 243 
1035 729 
11808 27 
5877 81 
5850 81 
2844 243 
5796 81 
2817 243 
2736 243 
1125 729 
5688 81 
2763 243 
2682 243 
1098 729 
2520 243 
1017 729 
5472 81 
2655 243 
2574 243 
1044 729 
2412 243 
963 729 
2088 243 
801 729 
11520 27 
5733 81 
5706 81 
2772 243 
5652 81 
2745 243 
2664 243 
1089 729 
5544 81 
2691 243 
2610 243 
1062 729 
2448 243 
981 729 
5328 81 
2583 243 
2502 243 
1008 729 
2340 243 
927 729 
2016 243 
765 729 
4896 81 
2367 243 
2286 243 
900 729 
2124 243 
819 729 
23808 9 
11895 27 
11886 27 
5916 81 
11868 27 
5907 81 
5880 81 
2859 243 
11832 27 
5889 81 
5862 81 
2850 243 
5808 81 
2823 243 
2742 243 
1128 729 
11760 27 
5853 81 
5826 81 
2832 243 
5772 81 
2805 243 
2724 243 
1119 729 
5664 81 
2751 243 
2670 243 
1092 729 
2508 243 
1011 729 
11616 27 
5781 81 
5754 81 
2796 243 
5700 81 
2769 243 
2688 243 
1101 729 
5592 81 
2715 243 
2634 243 
1074 729 
2472 243 
993 729 
5376 81 
2607 243 
2526 243 
1020 729 
2364 243 
939 729 
2040 243 
777 729 
11328 27 
5637 81 
5610 81 
2724 243 
5556 81 
2697 243 
2616 243 
1065 729 
5448 81 
2643 243 
2562 243 
1038 729 
2400 243 
957 729 
5232 81 
2535 243 
2454 243 
984 729 
2292 243 
903 729 
1968 243 
741 729 
4800 81 
2319 243 
2238 243 
876 729 
2076 243 
795 729 
10752 27 
5349 81 
5322 81 
2580 243 
5268 81 
2553 243 
2472 243 
993 729 
5160 81 
2499 243 
2418 243 
966 729 
2256 243 
885 729 
4944 81 
2391 243 
2310 243 
912 729 
2148 243 
831 729 
4512 81 
2175 243 
2094 243 
804 729 
1932 243 
23040 9 
11511 27 
11502 27 
5724 81 
11484 27 
5715 81 
5688 81 
2763 243 
11448 27 
5697 81 
5670 81 
2754 243 
5616 81 
2727 243 
2646 243 
1080 729 
11376 27 
5661 81 
5634 81 
2736 243 
5580 81 
2709 243 
2628 243 
1071 729 
5472 81 
2655 243 
2574 243 
1044 729 
2412 243 
963 729 
11232 27 
5589 81 
5562 81 
2700 243 
5508 81 
2673 243 
2592 243 
1053 729 
5400 81 
2619 243 
2538 243 
1026 729 
2376 243 
945 729 
5184 81 
2511 243 
2430 243 
972 729 
2268 243 
891 729 
1944 243 
729 729 
10944 27 
5445 81 
5418 81 
2628 243 
5364 81 
2601 243 
2520 243 
1017 729 
5256 81 
2547 243 
2466 243 
990 729 
2304 243 
909 729 
5040 81 
2439 243 
2358 243 
936 729 
2196 243 
855 729 
4608 81 
2223 243 
2142 243 
828 729 
1980 243 
747 729 
10368 27 
5157 81 
5130 81 
2484 243 
5076 81 
2457 243 
2376 243 
945 729 
4968 81 
2403 243 
2322 243 
918 729 
2160 243 
837 729 
4752 81 
2295 243 
2214 243 
864 729 
2052 243 
783 729 
4320 81 
2079 243 
1998 243 
756 729 
1836 243 
9216 27 
4581 81 
4554 81 
2196 243 
4500 81 
2169 243 
2088 243 
801 729 
4392 81 
2115 243 
2034 243 
774 729 
1872 243 
4176 81 
2007 243 
1926 243 
1764 243 
3744 81 
1791 243 
1710 243 
1548 243 
21504 9 
10743 27 
10734 27 
5340 81 
10716 27 
5331 81 
5304 81 
2571 243 
10680 27 
5313 81 
5286 81 
2562 243 
5232 81 
2535 243 
2454 243 
984 729 
10608 27 
5277 81 
5250 81 
2544 243 
5196 81 
2517 243 
2436 243 
975 729 
5088 81 
2463 243 
2382 243 
948 729 
2220 243 
867 729 
10464 27 
5205 81 
5178 81 
2508 243 
5124 81 
2481 243 
2400 243 
957 729 
5016 81 
2427 243 
2346 243 
930 729 
2184 243 
849 729 
4800 81 
2319 243 
2238 243 
876 729 
2076 243 
795 729 
10176 27 
5061 81 
5034 81 
2436 243 
4980 81 
2409 243 
2328 243 
921 729 
4872 81 
2355 243 
2274 243 
894 729 
2112 243 
813 729 
4656 81 
2247 243 
2166 243 
840 729 
2004 243 
759 729 
4224 81 
2031 243 
1950 243 
732 729 
1788 243 
9600 27 
4773 81 
4746 81 
2292 243 
4692 81 
2265 243 
2184 243 
849 729 
4584 81 
2211 243 
2130 243 
822 729 
1968 243 
741 729 
4368 81 
2103 243 
2022 243 
768 729 
1860 243 
3936 81 
1887 243 
1806 243 
1644 243 
8448 27 
4197 81 
4170 81 
2004 243 
4116 81 
1977 243 
1896 243 
4008 81 
1923 243 
1842 243 
1680 243 
3792 81 
1815 243 
1734 243 
1572 243 
3360 81 
1599 243 
1518 243 
1356 243 
18432 9 
9207 27 
9198 27 
4572 81 
9180 27 
4563 81 
4536 81 
2187 243 
9144 27 
4545 81 
4518 81 
2178 243 
4464 81 
2151 243 
2070 243 
792 729 
9072 27 
4509 81 
4482 81 
2160 243 
4428 81 
2133 243 
2052 243 
783 729 
4320 81 
2079 243 
1998 243 
756 729 
1836 243 
8928 27 
4437 81 
4410 81 
2124 243 
4356 81 
2097 243 
2016 243 
765 729 
4248 81 
2043 243 
1962 243 
738 729 
1800 243 
4032 81 
1935 243 
1854 243 
1692 243 
8640 27 
4293 81 
4266 81 
2052 243 
4212 81 
2025 243 
1944 243 
729 729 
4104 81 
1971 243 
1890 243 
1728 243 
3888 81 
1863 243 
1782 243 
1620 243 
3456 81 
1647 243 
1566 243 
1404 243 
8064 27 
4005 81 
3978 81 
1908 243 
3924 81 
1881 243 
1800 243 
3816 81 
1827 243 
1746 243 
1584 243 
3600 81 
1719 243 
1638 243 
1476 243 
3168 81 
1503 243 
1422 243 
1260 243 
6912 27 
3429 81 
3402 81 
1620 243 
3348 81 
1593 243 
1512 243 
3240 81 
1539 243 
1458 243 
1296 243 
3024 81 
1431 243 
1350 243 
1188 243 
2592 81 
1215 243 
1134 243 
972 243 
