262144 1 
131071 3 
131070 3 
65532 9 
131068 3 
65531 9 
65528 9 
32755 27 
131064 3 
65529 9 
65526 9 
32754 27 
65520 9 
32751 27 
32742 27 
16344 81 
131056 3 
65525 9 
65522 9 
32752 27 
65516 9 
32749 27 
32740 27 
16343 81 
65504 9 
32743 27 
32734 27 
16340 81 
32716 27 
16331 81 
16304 81 
8071 243 
131040 3 
65517 9 
65514 9 
32748 27 
65508 9 
32745 27 
32736 27 
16341 81 
65496 9 
32739 27 
32730 27 
16338 81 
32712 27 
16329 81 
16302 81 
8070 243 
65472 9 
32727 27 
32718 27 
16332 81 
32700 27 
16323 81 
16296 81 
8067 243 
32664 27 
16305 81 
16278 81 
8058 243 
16224 81 
8031 243 
7950 243 
3732 729 
131008 3 
65501 9 
65498 9 
32740 27 
65492 9 
32737 27 
32728 27 
16337 81 
65480 9 
32731 27 
32722 27 
16334 81 
32704 27 
16325 81 
16298 81 
8068 243 
65456 9 
32719 27 
32710 27 
16328 81 
32692 27 
16319 81 
16292 81 
8065 243 
32656 27 
16301 81 
16274 81 
8056 243 
16220 81 
8029 243 
7948 243 
3731 729 
65408 9 
32695 27 
32686 27 
16316 81 
32668 27 
16307 81 
16280 81 
8059 243 
32632 27 
16289 81 
16262 81 
8050 243 
16208 81 
8023 243 
7942 243 
3728 729 
32560 27 
16253 81 
16226 81 
8032 243 
16172 81 
8005 243 
7924 243 
3719 729 
16064 81 
7951 243 
7870 243 
3692 729 
7708 243 
3611 729 
3368 729 
130944 3 
65469 9 
65466 9 
32724 27 
65460 9 
32721 27 
32712 27 
16329 81 
65448 9 
32715 27 
32706 27 
16326 81 
32688 27 
16317 81 
16290 81 
8064 243 
65424 9 
32703 27 
32694 27 
16320 81 
32676 27 
16311 81 
16284 81 
8061 243 
32640 27 
16293 81 
16266 81 
8052 243 
16212 81 
8025 243 
7944 243 
3729 729 
65376 9 
32679 27 
32670 27 
16308 81 
32652 27 
16299 81 
16272 81 
8055 243 
32616 27 
16281 81 
16254 81 
8046 243 
16200 81 
8019 243 
7938 243 
3726 729 
32544 27 
16245 81 
16218 81 
8028 243 
16164 81 
8001 243 
7920 243 
3717 729 
16056 81 
7947 243 
7866 243 
3690 729 
7704 243 
3609 729 
3366 729 
65280 9 
32631 27 
32622 27 
16284 81 
32604 27 
16275 81 
16248 81 
8043 243 
32568 27 
16257 81 
16230 81 
8034 243 
16176 81 
8007 243 
7926 243 
3720 729 
32496 27 
16221 81 
16194 81 
8016 243 
16140 81 
7989 243 
7908 243 
3711 729 
16032 81 
7935 243 
7854 243 
3684 729 
7692 243 
3603 729 
3360 729 
32352 27 
16149 81 
16122 81 
7980 243 
16068 81 
7953 243 
7872 243 
3693 729 
15960 81 
7899 243 
7818 243 
3666 729 
7656 243 
3585 729 
3342 729 
15744 81 
7791 243 
7710 243 
3612 729 
7548 243 
3531 729 
3288 729 
7224 243 
3369 729 
3126 729 
130816 3 
65405 9 
65402 9 
32692 27 
65396 9 
32689 27 
32680 27 
16313 81 
65384 9 
32683 27 
32674 27 
16310 81 
32656 27 
16301 81 
16274 81 
8056 243 
65360 9 
32671 27 
32662 27 
16304 81 
32644 27 
16295 81 
16268 81 
8053 243 
32608 27 
16277 81 
16250 81 
8044 243 
16196 81 
8017 243 
7936 243 
3725 729 
65312 9 
32647 27 
32638 27 
16292 81 
32620 27 
16283 81 
16256 81 
8047 243 
32584 27 
16265 81 
16238 81 
8038 243 
16184 81 
8011 243 
7930 243 
3722 729 
32512 27 
16229 81 
16202 81 
8020 243 
16148 81 
7993 243 
7912 243 
3713 729 
16040 81 
7939 243 
7858 243 
3686 729 
7696 243 
3605 729 
3362 729 
65216 9 
32599 27 
32590 27 
16268 81 
32572 27 
16259 81 
16232 81 
8035 243 
32536 27 
16241 81 
16214 81 
8026 243 
16160 81 
7999 243 
7918 243 
3716 729 
32464 27 
16205 81 
16178 81 
8008 243 
16124 81 
7981 243 
7900 243 
3707 729 
16016 81 
7927 243 
7846 243 
3680 729 
7684 243 
3599 729 
3356 729 
32320 27 
16133 81 
16106 81 
7972 243 
16052 81 
7945 243 
7864 243 
3689 729 
15944 81 
7891 243 
7810 243 
3662 729 
7648 243 
3581 729 
3338 729 
15728 81 
7783 243 
7702 243 
3608 729 
7540 243 
3527 729 
3284 729 
7216 243 
3365 729 
3122 729 
65024 9 
32503 27 
32494 27 
16220 81 
32476 27 
16211 81 
16184 81 
8011 243 
32440 27 
16193 81 
16166 81 
8002 243 
16112 81 
7975 243 
7894 243 
3704 729 
32368 27 
16157 81 
16130 81 
7984 243 
16076 81 
7957 243 
7876 243 
3695 729 
15968 81 
7903 243 
7822 243 
3668 729 
7660 243 
3587 729 
3344 729 
32224 27 
16085 81 
16058 81 
7948 243 
16004 81 
7921 243 
7840 243 
3677 729 
15896 81 
7867 243 
7786 243 
3650 729 
7624 243 
3569 729 
3326 729 
15680 81 
7759 243 
7678 243 
3596 729 
7516 243 
3515 729 
3272 729 
7192 243 
3353 729 
3110 729 
31936 27 
15941 81 
15914 81 
7876 243 
15860 81 
7849 243 
7768 243 
3641 729 
15752 81 
7795 243 
7714 243 
3614 729 
7552 243 
3533 729 
3290 729 
15536 81 
7687 243 
7606 243 
3560 729 
7444 243 
3479 729 
3236 729 
7120 243 
3317 729 
3074 729 
15104 81 
7471 243 
7390 243 
3452 729 
7228 243 
3371 729 
3128 729 
6904 243 
3209 729 
2966 729 
6256 243 
2885 729 
2642 729 
130560 3 
65277 9 
65274 9 
32628 27 
65268 9 
32625 27 
32616 27 
16281 81 
65256 9 
32619 27 
32610 27 
16278 81 
32592 27 
16269 81 
16242 81 
8040 243 
65232 9 
32607 27 
32598 27 
16272 81 
32580 27 
16263 81 
16236 81 
8037 243 
32544 27 
16245 81 
16218 81 
8028 243 
16164 81 
8001 243 
7920 243 
3717 729 
65184 9 
32583 27 
32574 27 
16260 81 
32556 27 
16251 81 
16224 81 
8031 243 
32520 27 
16233 81 
16206 81 
8022 243 
16152 81 
7995 243 
7914 243 
3714 729 
32448 27 
16197 81 
16170 81 
8004 243 
16116 81 
7977 243 
7896 243 
3705 729 
16008 81 
7923 243 
7842 243 
3678 729 
7680 243 
3597 729 
3354 729 
65088 9 
32535 27 
32526 27 
16236 81 
32508 27 
16227 81 
16200 81 
8019 243 
32472 27 
16209 81 
16182 81 
8010 243 
16128 81 
7983 243 
7902 243 
3708 729 
32400 27 
16173 81 
16146 81 
7992 243 
16092 81 
7965 243 
7884 243 
3699 729 
15984 81 
7911 243 
7830 243 
3672 729 
7668 243 
3591 729 
3348 729 
32256 27 
16101 81 
16074 81 
7956 243 
16020 81 
7929 243 
7848 243 
3681 729 
15912 81 
7875 243 
7794 243 
3654 729 
7632 243 
3573 729 
3330 729 
15696 81 
7767 243 
7686 243 
3600 729 
7524 243 
3519 729 
3276 729 
7200 243 
3357 729 
3114 729 
64896 9 
32439 27 
32430 27 
16188 81 
32412 27 
16179 81 
16152 81 
7995 243 
32376 27 
16161 81 
16134 81 
7986 243 
16080 81 
7959 243 
7878 243 
3696 729 
32304 27 
16125 81 
16098 81 
7968 243 
16044 81 
7941 243 
7860 243 
3687 729 
15936 81 
7887 243 
7806 243 
3660 729 
7644 243 
3579 729 
3336 729 
32160 27 
16053 81 
16026 81 
7932 243 
15972 81 
7905 243 
7824 243 
3669 729 
15864 81 
7851 243 
7770 243 
3642 729 
7608 243 
3561 729 
3318 729 
15648 81 
7743 243 
7662 243 
3588 729 
7500 243 
3507 729 
3264 729 
7176 243 
3345 729 
3102 729 
31872 27 
15909 81 
15882 81 
7860 243 
15828 81 
7833 243 
7752 243 
3633 729 
15720 81 
7779 243 
7698 243 
3606 729 
7536 243 
3525 729 
3282 729 
15504 81 
7671 243 
7590 243 
3552 729 
7428 243 
3471 729 
3228 729 
7104 243 
3309 729 
3066 729 
15072 81 
7455 243 
7374 243 
3444 729 
7212 243 
3363 729 
3120 729 
6888 243 
3201 729 
2958 729 
6240 243 
2877 729 
2634 729 
64512 9 
32247 27 
32238 27 
16092 81 
32220 27 
16083 81 
16056 81 
7947 243 
32184 27 
16065 81 
16038 81 
7938 243 
15984 81 
7911 243 
7830 243 
3672 729 
32112 27 
16029 81 
16002 81 
7920 243 
15948 81 
7893 243 
7812 243 
3663 729 
15840 81 
7839 243 
7758 243 
3636 729 
7596 243 
3555 729 
3312 729 
31968 27 
15957 81 
15930 81 
7884 243 
15876 81 
7857 243 
7776 243 
3645 729 
15768 81 
7803 243 
7722 243 
3618 729 
7560 243 
3537 729 
3294 729 
15552 81 
7695 243 
7614 243 
3564 729 
7452 243 
3483 729 
3240 729 
7128 243 
3321 729 
3078 729 
31680 27 
15813 81 
15786 81 
7812 243 
15732 81 
7785 243 
7704 243 
3609 729 
15624 81 
7731 243 
7650 243 
3582 729 
7488 243 
3501 729 
3258 729 
15408 81 
7623 243 
7542 243 
3528 729 
7380 243 
3447 729 
3204 729 
7056 243 
3285 729 
3042 729 
14976 81 
7407 243 
7326 243 
3420 729 
7164 243 
3339 729 
3096 729 
6840 243 
3177 729 
2934 729 
6192 243 
2853 729 
2610 729 
31104 27 
15525 81 
15498 81 
7668 243 
15444 81 
7641 243 
7560 243 
3537 729 
15336 81 
7587 243 
7506 243 
3510 729 
7344 243 
3429 729 
3186 729 
15120 81 
7479 243 
7398 243 
3456 729 
7236 243 
3375 729 
3132 729 
6912 243 
3213 729 
2970 729 
14688 81 
7263 243 
7182 243 
3348 729 
7020 243 
3267 729 
3024 729 
6696 243 
3105 729 
2862 729 
6048 243 
2781 729 
2538 729 
13824 81 
6831 243 
6750 243 
3132 729 
6588 243 
3051 729 
2808 729 
6264 243 
2889 729 
2646 729 
5616 243 
2565 729 
2322 729 
130048 3 
65021 9 
65018 9 
32500 27 
65012 9 
32497 27 
32488 27 
16217 81 
65000 9 
32491 27 
32482 27 
16214 81 
32464 27 
16205 81 
16178 81 
8008 243 
64976 9 
32479 27 
32470 27 
16208 81 
32452 27 
16199 81 
16172 81 
8005 243 
32416 27 
16181 81 
16154 81 
7996 243 
16100 81 
7969 243 
7888 243 
3701 729 
64928 9 
32455 27 
32446 27 
16196 81 
32428 27 
16187 81 
16160 81 
7999 243 
32392 27 
16169 81 
16142 81 
7990 243 
16088 81 
7963 243 
7882 243 
3698 729 
32320 27 
16133 81 
16106 81 
7972 243 
16052 81 
7945 243 
7864 243 
3689 729 
15944 81 
7891 243 
7810 243 
3662 729 
7648 243 
3581 729 
3338 729 
64832 9 
32407 27 
32398 27 
16172 81 
32380 27 
16163 81 
16136 81 
7987 243 
32344 27 
16145 81 
16118 81 
7978 243 
16064 81 
7951 243 
7870 243 
3692 729 
32272 27 
16109 81 
16082 81 
7960 243 
16028 81 
7933 243 
7852 243 
3683 729 
15920 81 
7879 243 
7798 243 
3656 729 
7636 243 
3575 729 
3332 729 
32128 27 
16037 81 
16010 81 
7924 243 
15956 81 
7897 243 
7816 243 
3665 729 
15848 81 
7843 243 
7762 243 
3638 729 
7600 243 
3557 729 
3314 729 
15632 81 
7735 243 
7654 243 
3584 729 
7492 243 
3503 729 
3260 729 
7168 243 
3341 729 
3098 729 
64640 9 
32311 27 
32302 27 
16124 81 
32284 27 
16115 81 
16088 81 
7963 243 
32248 27 
16097 81 
16070 81 
7954 243 
16016 81 
7927 243 
7846 243 
3680 729 
32176 27 
16061 81 
16034 81 
7936 243 
15980 81 
7909 243 
7828 243 
3671 729 
15872 81 
7855 243 
7774 243 
3644 729 
7612 243 
3563 729 
3320 729 
32032 27 
15989 81 
15962 81 
7900 243 
15908 81 
7873 243 
7792 243 
3653 729 
15800 81 
7819 243 
7738 243 
3626 729 
7576 243 
3545 729 
3302 729 
15584 81 
7711 243 
7630 243 
3572 729 
7468 243 
3491 729 
3248 729 
7144 243 
3329 729 
3086 729 
31744 27 
15845 81 
15818 81 
7828 243 
15764 81 
7801 243 
7720 243 
3617 729 
15656 81 
7747 243 
7666 243 
3590 729 
7504 243 
3509 729 
3266 729 
15440 81 
7639 243 
7558 243 
3536 729 
7396 243 
3455 729 
3212 729 
7072 243 
3293 729 
3050 729 
15008 81 
7423 243 
7342 243 
3428 729 
7180 243 
3347 729 
3104 729 
6856 243 
3185 729 
2942 729 
6208 243 
2861 729 
2618 729 
64256 9 
32119 27 
32110 27 
16028 81 
32092 27 
16019 81 
15992 81 
7915 243 
32056 27 
16001 81 
15974 81 
7906 243 
15920 81 
7879 243 
7798 243 
3656 729 
31984 27 
15965 81 
15938 81 
7888 243 
15884 81 
7861 243 
7780 243 
3647 729 
15776 81 
7807 243 
7726 243 
3620 729 
7564 243 
3539 729 
3296 729 
31840 27 
15893 81 
15866 81 
7852 243 
15812 81 
7825 243 
7744 243 
3629 729 
15704 81 
7771 243 
7690 243 
3602 729 
7528 243 
3521 729 
3278 729 
15488 81 
7663 243 
7582 243 
3548 729 
7420 243 
3467 729 
3224 729 
7096 243 
3305 729 
3062 729 
31552 27 
15749 81 
15722 81 
7780 243 
15668 81 
7753 243 
7672 243 
3593 729 
15560 81 
7699 243 
7618 243 
3566 729 
7456 243 
3485 729 
3242 729 
15344 81 
7591 243 
7510 243 
3512 729 
7348 243 
3431 729 
3188 729 
7024 243 
3269 729 
3026 729 
14912 81 
7375 243 
7294 243 
3404 729 
7132 243 
3323 729 
3080 729 
6808 243 
3161 729 
2918 729 
6160 243 
2837 729 
2594 729 
30976 27 
15461 81 
15434 81 
7636 243 
15380 81 
7609 243 
7528 243 
3521 729 
15272 81 
7555 243 
7474 243 
3494 729 
7312 243 
3413 729 
3170 729 
15056 81 
7447 243 
7366 243 
3440 729 
7204 243 
3359 729 
3116 729 
6880 243 
3197 729 
2954 729 
14624 81 
7231 243 
7150 243 
3332 729 
6988 243 
3251 729 
3008 729 
6664 243 
3089 729 
2846 729 
6016 243 
2765 729 
2522 729 
13760 81 
6799 243 
6718 243 
3116 729 
6556 243 
3035 729 
2792 729 
6232 243 
2873 729 
2630 729 
5584 243 
2549 729 
2306 729 
63488 9 
31735 27 
31726 27 
15836 81 
31708 27 
15827 81 
15800 81 
7819 243 
31672 27 
15809 81 
15782 81 
7810 243 
15728 81 
7783 243 
7702 243 
3608 729 
31600 27 
15773 81 
15746 81 
7792 243 
15692 81 
7765 243 
7684 243 
3599 729 
15584 81 
7711 243 
7630 243 
3572 729 
7468 243 
3491 729 
3248 729 
31456 27 
15701 81 
15674 81 
7756 243 
15620 81 
7729 243 
7648 243 
3581 729 
15512 81 
7675 243 
7594 243 
3554 729 
7432 243 
3473 729 
3230 729 
15296 81 
7567 243 
7486 243 
3500 729 
7324 243 
3419 729 
3176 729 
7000 243 
3257 729 
3014 729 
31168 27 
15557 81 
15530 81 
7684 243 
15476 81 
7657 243 
7576 243 
3545 729 
15368 81 
7603 243 
7522 243 
3518 729 
7360 243 
3437 729 
3194 729 
15152 81 
7495 243 
7414 243 
3464 729 
7252 243 
3383 729 
3140 729 
6928 243 
3221 729 
2978 729 
14720 81 
7279 243 
7198 243 
3356 729 
7036 243 
3275 729 
3032 729 
6712 243 
3113 729 
2870 729 
6064 243 
2789 729 
2546 729 
30592 27 
15269 81 
15242 81 
7540 243 
15188 81 
7513 243 
7432 243 
3473 729 
15080 81 
7459 243 
7378 243 
3446 729 
7216 243 
3365 729 
3122 729 
14864 81 
7351 243 
7270 243 
3392 729 
7108 243 
3311 729 
3068 729 
6784 243 
3149 729 
2906 729 
14432 81 
7135 243 
7054 243 
3284 729 
6892 243 
3203 729 
2960 729 
6568 243 
3041 729 
2798 729 
5920 243 
2717 729 
2474 729 
13568 81 
6703 243 
6622 243 
3068 729 
6460 243 
2987 729 
2744 729 
6136 243 
2825 729 
2582 729 
5488 243 
2501 729 
2258 729 
29440 27 
14693 81 
14666 81 
7252 243 
14612 81 
7225 243 
7144 243 
3329 729 
14504 81 
7171 243 
7090 243 
3302 729 
6928 243 
3221 729 
2978 729 
14288 81 
7063 243 
6982 243 
3248 729 
6820 243 
3167 729 
2924 729 
6496 243 
3005 729 
2762 729 
13856 81 
6847 243 
6766 243 
3140 729 
6604 243 
3059 729 
2816 729 
6280 243 
2897 729 
2654 729 
5632 243 
2573 729 
2330 729 
12992 81 
6415 243 
6334 243 
2924 729 
6172 243 
2843 729 
2600 729 
5848 243 
2681 729 
2438 729 
5200 243 
2357 729 
2114 729 
11264 81 
5551 243 
5470 243 
2492 729 
5308 243 
2411 729 
2168 729 
4984 243 
2249 729 
2006 729 
4336 243 
1925 729 
1682 729 
129024 3 
64509 9 
64506 9 
32244 27 
64500 9 
32241 27 
32232 27 
16089 81 
64488 9 
32235 27 
32226 27 
16086 81 
32208 27 
16077 81 
16050 81 
7944 243 
64464 9 
32223 27 
32214 27 
16080 81 
32196 27 
16071 81 
16044 81 
7941 243 
32160 27 
16053 81 
16026 81 
7932 243 
15972 81 
7905 243 
7824 243 
3669 729 
64416 9 
32199 27 
32190 27 
16068 81 
32172 27 
16059 81 
16032 81 
7935 243 
32136 27 
16041 81 
16014 81 
7926 243 
15960 81 
7899 243 
7818 243 
3666 729 
32064 27 
16005 81 
15978 81 
7908 243 
15924 81 
7881 243 
7800 243 
3657 729 
15816 81 
7827 243 
7746 243 
3630 729 
7584 243 
3549 729 
3306 729 
64320 9 
32151 27 
32142 27 
16044 81 
32124 27 
16035 81 
16008 81 
7923 243 
32088 27 
16017 81 
15990 81 
7914 243 
15936 81 
7887 243 
7806 243 
3660 729 
32016 27 
15981 81 
15954 81 
7896 243 
15900 81 
7869 243 
7788 243 
3651 729 
15792 81 
7815 243 
7734 243 
3624 729 
7572 243 
3543 729 
3300 729 
31872 27 
15909 81 
15882 81 
7860 243 
15828 81 
7833 243 
7752 243 
3633 729 
15720 81 
7779 243 
7698 243 
3606 729 
7536 243 
3525 729 
3282 729 
15504 81 
7671 243 
7590 243 
3552 729 
7428 243 
3471 729 
3228 729 
7104 243 
3309 729 
3066 729 
64128 9 
32055 27 
32046 27 
15996 81 
32028 27 
15987 81 
15960 81 
7899 243 
31992 27 
15969 81 
15942 81 
7890 243 
15888 81 
7863 243 
7782 243 
3648 729 
31920 27 
15933 81 
15906 81 
7872 243 
15852 81 
7845 243 
7764 243 
3639 729 
15744 81 
7791 243 
7710 243 
3612 729 
7548 243 
3531 729 
3288 729 
31776 27 
15861 81 
15834 81 
7836 243 
15780 81 
7809 243 
7728 243 
3621 729 
15672 81 
7755 243 
7674 243 
3594 729 
7512 243 
3513 729 
3270 729 
15456 81 
7647 243 
7566 243 
3540 729 
7404 243 
3459 729 
3216 729 
7080 243 
3297 729 
3054 729 
31488 27 
15717 81 
15690 81 
7764 243 
15636 81 
7737 243 
7656 243 
3585 729 
15528 81 
7683 243 
7602 243 
3558 729 
7440 243 
3477 729 
3234 729 
15312 81 
7575 243 
7494 243 
3504 729 
7332 243 
3423 729 
3180 729 
7008 243 
3261 729 
3018 729 
14880 81 
7359 243 
7278 243 
3396 729 
7116 243 
3315 729 
3072 729 
6792 243 
3153 729 
2910 729 
6144 243 
2829 729 
2586 729 
63744 9 
31863 27 
31854 27 
15900 81 
31836 27 
15891 81 
15864 81 
7851 243 
31800 27 
15873 81 
15846 81 
7842 243 
15792 81 
7815 243 
7734 243 
3624 729 
31728 27 
15837 81 
15810 81 
7824 243 
15756 81 
7797 243 
7716 243 
3615 729 
15648 81 
7743 243 
7662 243 
3588 729 
7500 243 
3507 729 
3264 729 
31584 27 
15765 81 
15738 81 
7788 243 
15684 81 
7761 243 
7680 243 
3597 729 
15576 81 
7707 243 
7626 243 
3570 729 
7464 243 
3489 729 
3246 729 
15360 81 
7599 243 
7518 243 
3516 729 
7356 243 
3435 729 
3192 729 
7032 243 
3273 729 
3030 729 
31296 27 
15621 81 
15594 81 
7716 243 
15540 81 
7689 243 
7608 243 
3561 729 
15432 81 
7635 243 
7554 243 
3534 729 
7392 243 
3453 729 
3210 729 
15216 81 
7527 243 
7446 243 
3480 729 
7284 243 
3399 729 
3156 729 
6960 243 
3237 729 
2994 729 
14784 81 
7311 243 
7230 243 
3372 729 
7068 243 
3291 729 
3048 729 
6744 243 
3129 729 
2886 729 
6096 243 
2805 729 
2562 729 
30720 27 
15333 81 
15306 81 
7572 243 
15252 81 
7545 243 
7464 243 
3489 729 
15144 81 
7491 243 
7410 243 
3462 729 
7248 243 
3381 729 
3138 729 
14928 81 
7383 243 
7302 243 
3408 729 
7140 243 
3327 729 
3084 729 
6816 243 
3165 729 
2922 729 
14496 81 
7167 243 
7086 243 
3300 729 
6924 243 
3219 729 
2976 729 
6600 243 
3057 729 
2814 729 
5952 243 
2733 729 
2490 729 
13632 81 
6735 243 
6654 243 
3084 729 
6492 243 
3003 729 
2760 729 
6168 243 
2841 729 
2598 729 
5520 243 
2517 729 
2274 729 
62976 9 
31479 27 
31470 27 
15708 81 
31452 27 
15699 81 
15672 81 
7755 243 
31416 27 
15681 81 
15654 81 
7746 243 
15600 81 
7719 243 
7638 243 
3576 729 
31344 27 
15645 81 
15618 81 
7728 243 
15564 81 
7701 243 
7620 243 
3567 729 
15456 81 
7647 243 
7566 243 
3540 729 
7404 243 
3459 729 
3216 729 
31200 27 
15573 81 
15546 81 
7692 243 
15492 81 
7665 243 
7584 243 
3549 729 
15384 81 
7611 243 
7530 243 
3522 729 
7368 243 
3441 729 
3198 729 
15168 81 
7503 243 
7422 243 
3468 729 
7260 243 
3387 729 
3144 729 
6936 243 
3225 729 
2982 729 
30912 27 
15429 81 
15402 81 
7620 243 
15348 81 
7593 243 
7512 243 
3513 729 
15240 81 
7539 243 
7458 243 
3486 729 
7296 243 
3405 729 
3162 729 
15024 81 
7431 243 
7350 243 
3432 729 
7188 243 
3351 729 
3108 729 
6864 243 
3189 729 
2946 729 
14592 81 
7215 243 
7134 243 
3324 729 
6972 243 
3243 729 
3000 729 
6648 243 
3081 729 
2838 729 
6000 243 
2757 729 
2514 729 
30336 27 
15141 81 
15114 81 
7476 243 
15060 81 
7449 243 
7368 243 
3441 729 
14952 81 
7395 243 
7314 243 
3414 729 
7152 243 
3333 729 
3090 729 
14736 81 
7287 243 
7206 243 
3360 729 
7044 243 
3279 729 
3036 729 
6720 243 
3117 729 
2874 729 
14304 81 
7071 243 
6990 243 
3252 729 
6828 243 
3171 729 
2928 729 
6504 243 
3009 729 
2766 729 
5856 243 
2685 729 
2442 729 
13440 81 
6639 243 
6558 243 
3036 729 
6396 243 
2955 729 
2712 729 
6072 243 
2793 729 
2550 729 
5424 243 
2469 729 
2226 729 
29184 27 
14565 81 
14538 81 
7188 243 
14484 81 
7161 243 
7080 243 
3297 729 
14376 81 
7107 243 
7026 243 
3270 729 
6864 243 
3189 729 
2946 729 
14160 81 
6999 243 
6918 243 
3216 729 
6756 243 
3135 729 
2892 729 
6432 243 
2973 729 
2730 729 
13728 81 
6783 243 
6702 243 
3108 729 
6540 243 
3027 729 
2784 729 
6216 243 
2865 729 
2622 729 
5568 243 
2541 729 
2298 729 
12864 81 
6351 243 
6270 243 
2892 729 
6108 243 
2811 729 
2568 729 
5784 243 
2649 729 
2406 729 
5136 243 
2325 729 
2082 729 
11136 81 
5487 243 
5406 243 
2460 729 
5244 243 
2379 729 
2136 729 
4920 243 
2217 729 
1974 729 
4272 243 
1893 729 
1650 729 
61440 9 
30711 27 
30702 27 
15324 81 
30684 27 
15315 81 
15288 81 
7563 243 
30648 27 
15297 81 
15270 81 
7554 243 
15216 81 
7527 243 
7446 243 
3480 729 
30576 27 
15261 81 
15234 81 
7536 243 
15180 81 
7509 243 
7428 243 
3471 729 
15072 81 
7455 243 
7374 243 
3444 729 
7212 243 
3363 729 
3120 729 
30432 27 
15189 81 
15162 81 
7500 243 
15108 81 
7473 243 
7392 243 
3453 729 
15000 81 
7419 243 
7338 243 
3426 729 
7176 243 
3345 729 
3102 729 
14784 81 
7311 243 
7230 243 
3372 729 
7068 243 
3291 729 
3048 729 
6744 243 
3129 729 
2886 729 
30144 27 
15045 81 
15018 81 
7428 243 
14964 81 
7401 243 
7320 243 
3417 729 
14856 81 
7347 243 
7266 243 
3390 729 
7104 243 
3309 729 
3066 729 
14640 81 
7239 243 
7158 243 
3336 729 
6996 243 
3255 729 
3012 729 
6672 243 
3093 729 
2850 729 
14208 81 
7023 243 
6942 243 
3228 729 
6780 243 
3147 729 
2904 729 
6456 243 
2985 729 
2742 729 
5808 243 
2661 729 
2418 729 
29568 27 
14757 81 
14730 81 
7284 243 
14676 81 
7257 243 
7176 243 
3345 729 
14568 81 
7203 243 
7122 243 
3318 729 
6960 243 
3237 729 
2994 729 
14352 81 
7095 243 
7014 243 
3264 729 
6852 243 
3183 729 
2940 729 
6528 243 
3021 729 
2778 729 
13920 81 
6879 243 
6798 243 
3156 729 
6636 243 
3075 729 
2832 729 
6312 243 
2913 729 
2670 729 
5664 243 
2589 729 
2346 729 
13056 81 
6447 243 
6366 243 
2940 729 
6204 243 
2859 729 
2616 729 
5880 243 
2697 729 
2454 729 
5232 243 
2373 729 
2130 729 
28416 27 
14181 81 
14154 81 
6996 243 
14100 81 
6969 243 
6888 243 
3201 729 
13992 81 
6915 243 
6834 243 
3174 729 
6672 243 
3093 729 
2850 729 
13776 81 
6807 243 
6726 243 
3120 729 
6564 243 
3039 729 
2796 729 
6240 243 
2877 729 
2634 729 
13344 81 
6591 243 
6510 243 
3012 729 
6348 243 
2931 729 
2688 729 
6024 243 
2769 729 
2526 729 
5376 243 
2445 729 
2202 729 
12480 81 
6159 243 
6078 243 
2796 729 
5916 243 
2715 729 
2472 729 
5592 243 
2553 729 
2310 729 
4944 243 
2229 729 
1986 729 
10752 81 
5295 243 
5214 243 
2364 729 
5052 243 
2283 729 
2040 729 
4728 243 
2121 729 
1878 729 
4080 243 
1797 729 
1554 729 
26112 27 
13029 81 
13002 81 
6420 243 
12948 81 
6393 243 
6312 243 
2913 729 
12840 81 
6339 243 
6258 243 
2886 729 
6096 243 
2805 729 
2562 729 
12624 81 
6231 243 
6150 243 
2832 729 
5988 243 
2751 729 
2508 729 
5664 243 
2589 729 
2346 729 
12192 81 
6015 243 
5934 243 
2724 729 
5772 243 
2643 729 
2400 729 
5448 243 
2481 729 
2238 729 
4800 243 
2157 729 
1914 729 
11328 81 
5583 243 
5502 243 
2508 729 
5340 243 
2427 729 
2184 729 
5016 243 
2265 729 
2022 729 
4368 243 
1941 729 
1698 729 
126976 3 
63485 9 
63482 9 
31732 27 
63476 9 
31729 27 
31720 27 
15833 81 
63464 9 
31723 27 
31714 27 
15830 81 
31696 27 
15821 81 
15794 81 
7816 243 
63440 9 
31711 27 
31702 27 
15824 81 
31684 27 
15815 81 
15788 81 
7813 243 
31648 27 
15797 81 
15770 81 
7804 243 
15716 81 
7777 243 
7696 243 
3605 729 
63392 9 
31687 27 
31678 27 
15812 81 
31660 27 
15803 81 
15776 81 
7807 243 
31624 27 
15785 81 
15758 81 
7798 243 
15704 81 
7771 243 
7690 243 
3602 729 
31552 27 
15749 81 
15722 81 
7780 243 
15668 81 
7753 243 
7672 243 
3593 729 
15560 81 
7699 243 
7618 243 
3566 729 
7456 243 
3485 729 
3242 729 
63296 9 
31639 27 
31630 27 
15788 81 
31612 27 
15779 81 
15752 81 
7795 243 
31576 27 
15761 81 
15734 81 
7786 243 
15680 81 
7759 243 
7678 243 
3596 729 
31504 27 
15725 81 
15698 81 
7768 243 
15644 81 
7741 243 
7660 243 
3587 729 
15536 81 
7687 243 
7606 243 
3560 729 
7444 243 
3479 729 
3236 729 
31360 27 
15653 81 
15626 81 
7732 243 
15572 81 
7705 243 
7624 243 
3569 729 
15464 81 
7651 243 
7570 243 
3542 729 
7408 243 
3461 729 
3218 729 
15248 81 
7543 243 
7462 243 
3488 729 
7300 243 
3407 729 
3164 729 
6976 243 
3245 729 
3002 729 
63104 9 
31543 27 
31534 27 
15740 81 
31516 27 
15731 81 
15704 81 
7771 243 
31480 27 
15713 81 
15686 81 
7762 243 
15632 81 
7735 243 
7654 243 
3584 729 
31408 27 
15677 81 
15650 81 
7744 243 
15596 81 
7717 243 
7636 243 
3575 729 
15488 81 
7663 243 
7582 243 
3548 729 
7420 243 
3467 729 
3224 729 
31264 27 
15605 81 
15578 81 
7708 243 
15524 81 
7681 243 
7600 243 
3557 729 
15416 81 
7627 243 
7546 243 
3530 729 
7384 243 
3449 729 
3206 729 
15200 81 
7519 243 
7438 243 
3476 729 
7276 243 
3395 729 
3152 729 
6952 243 
3233 729 
2990 729 
30976 27 
15461 81 
15434 81 
7636 243 
15380 81 
7609 243 
7528 243 
3521 729 
15272 81 
7555 243 
7474 243 
3494 729 
7312 243 
3413 729 
3170 729 
15056 81 
7447 243 
7366 243 
3440 729 
7204 243 
3359 729 
3116 729 
6880 243 
3197 729 
2954 729 
14624 81 
7231 243 
7150 243 
3332 729 
6988 243 
3251 729 
3008 729 
6664 243 
3089 729 
2846 729 
6016 243 
2765 729 
2522 729 
62720 9 
31351 27 
31342 27 
15644 81 
31324 27 
15635 81 
15608 81 
7723 243 
31288 27 
15617 81 
15590 81 
7714 243 
15536 81 
7687 243 
7606 243 
3560 729 
31216 27 
15581 81 
15554 81 
7696 243 
15500 81 
7669 243 
7588 243 
3551 729 
15392 81 
7615 243 
7534 243 
3524 729 
7372 243 
3443 729 
3200 729 
31072 27 
15509 81 
15482 81 
7660 243 
15428 81 
7633 243 
7552 243 
3533 729 
15320 81 
7579 243 
7498 243 
3506 729 
7336 243 
3425 729 
3182 729 
15104 81 
7471 243 
7390 243 
3452 729 
7228 243 
3371 729 
3128 729 
6904 243 
3209 729 
2966 729 
30784 27 
15365 81 
15338 81 
7588 243 
15284 81 
7561 243 
7480 243 
3497 729 
15176 81 
7507 243 
7426 243 
3470 729 
7264 243 
3389 729 
3146 729 
14960 81 
7399 243 
7318 243 
3416 729 
7156 243 
3335 729 
3092 729 
6832 243 
3173 729 
2930 729 
14528 81 
7183 243 
7102 243 
3308 729 
6940 243 
3227 729 
2984 729 
6616 243 
3065 729 
2822 729 
5968 243 
2741 729 
2498 729 
30208 27 
15077 81 
15050 81 
7444 243 
14996 81 
7417 243 
7336 243 
3425 729 
14888 81 
7363 243 
7282 243 
3398 729 
7120 243 
3317 729 
3074 729 
14672 81 
7255 243 
7174 243 
3344 729 
7012 243 
3263 729 
3020 729 
6688 243 
3101 729 
2858 729 
14240 81 
7039 243 
6958 243 
3236 729 
6796 243 
3155 729 
2912 729 
6472 243 
2993 729 
2750 729 
5824 243 
2669 729 
2426 729 
13376 81 
6607 243 
6526 243 
3020 729 
6364 243 
2939 729 
2696 729 
6040 243 
2777 729 
2534 729 
5392 243 
2453 729 
2210 729 
61952 9 
30967 27 
30958 27 
15452 81 
30940 27 
15443 81 
15416 81 
7627 243 
30904 27 
15425 81 
15398 81 
7618 243 
15344 81 
7591 243 
7510 243 
3512 729 
30832 27 
15389 81 
15362 81 
7600 243 
15308 81 
7573 243 
7492 243 
3503 729 
15200 81 
7519 243 
7438 243 
3476 729 
7276 243 
3395 729 
3152 729 
30688 27 
15317 81 
15290 81 
7564 243 
15236 81 
7537 243 
7456 243 
3485 729 
15128 81 
7483 243 
7402 243 
3458 729 
7240 243 
3377 729 
3134 729 
14912 81 
7375 243 
7294 243 
3404 729 
7132 243 
3323 729 
3080 729 
6808 243 
3161 729 
2918 729 
30400 27 
15173 81 
15146 81 
7492 243 
15092 81 
7465 243 
7384 243 
3449 729 
14984 81 
7411 243 
7330 243 
3422 729 
7168 243 
3341 729 
3098 729 
14768 81 
7303 243 
7222 243 
3368 729 
7060 243 
3287 729 
3044 729 
6736 243 
3125 729 
2882 729 
14336 81 
7087 243 
7006 243 
3260 729 
6844 243 
3179 729 
2936 729 
6520 243 
3017 729 
2774 729 
5872 243 
2693 729 
2450 729 
29824 27 
14885 81 
14858 81 
7348 243 
14804 81 
7321 243 
7240 243 
3377 729 
14696 81 
7267 243 
7186 243 
3350 729 
7024 243 
3269 729 
3026 729 
14480 81 
7159 243 
7078 243 
3296 729 
6916 243 
3215 729 
2972 729 
6592 243 
3053 729 
2810 729 
14048 81 
6943 243 
6862 243 
3188 729 
6700 243 
3107 729 
2864 729 
6376 243 
2945 729 
2702 729 
5728 243 
2621 729 
2378 729 
13184 81 
6511 243 
6430 243 
2972 729 
6268 243 
2891 729 
2648 729 
5944 243 
2729 729 
2486 729 
5296 243 
2405 729 
2162 729 
28672 27 
14309 81 
14282 81 
7060 243 
14228 81 
7033 243 
6952 243 
3233 729 
14120 81 
6979 243 
6898 243 
3206 729 
6736 243 
3125 729 
2882 729 
13904 81 
6871 243 
6790 243 
3152 729 
6628 243 
3071 729 
2828 729 
6304 243 
2909 729 
2666 729 
13472 81 
6655 243 
6574 243 
3044 729 
6412 243 
2963 729 
2720 729 
6088 243 
2801 729 
2558 729 
5440 243 
2477 729 
2234 729 
12608 81 
6223 243 
6142 243 
2828 729 
5980 243 
2747 729 
2504 729 
5656 243 
2585 729 
2342 729 
5008 243 
2261 729 
2018 729 
10880 81 
5359 243 
5278 243 
2396 729 
5116 243 
2315 729 
2072 729 
4792 243 
2153 729 
1910 729 
4144 243 
1829 729 
1586 729 
60416 9 
30199 27 
30190 27 
15068 81 
30172 27 
15059 81 
15032 81 
7435 243 
30136 27 
15041 81 
15014 81 
7426 243 
14960 81 
7399 243 
7318 243 
3416 729 
30064 27 
15005 81 
14978 81 
7408 243 
14924 81 
7381 243 
7300 243 
3407 729 
14816 81 
7327 243 
7246 243 
3380 729 
7084 243 
3299 729 
3056 729 
29920 27 
14933 81 
14906 81 
7372 243 
14852 81 
7345 243 
7264 243 
3389 729 
14744 81 
7291 243 
7210 243 
3362 729 
7048 243 
3281 729 
3038 729 
14528 81 
7183 243 
7102 243 
3308 729 
6940 243 
3227 729 
2984 729 
6616 243 
3065 729 
2822 729 
29632 27 
14789 81 
14762 81 
7300 243 
14708 81 
7273 243 
7192 243 
3353 729 
14600 81 
7219 243 
7138 243 
3326 729 
6976 243 
3245 729 
3002 729 
14384 81 
7111 243 
7030 243 
3272 729 
6868 243 
3191 729 
2948 729 
6544 243 
3029 729 
2786 729 
13952 81 
6895 243 
6814 243 
3164 729 
6652 243 
3083 729 
2840 729 
6328 243 
2921 729 
2678 729 
5680 243 
2597 729 
2354 729 
29056 27 
14501 81 
14474 81 
7156 243 
14420 81 
7129 243 
7048 243 
3281 729 
14312 81 
7075 243 
6994 243 
3254 729 
6832 243 
3173 729 
2930 729 
14096 81 
6967 243 
6886 243 
3200 729 
6724 243 
3119 729 
2876 729 
6400 243 
2957 729 
2714 729 
13664 81 
6751 243 
6670 243 
3092 729 
6508 243 
3011 729 
2768 729 
6184 243 
2849 729 
2606 729 
5536 243 
2525 729 
2282 729 
12800 81 
6319 243 
6238 243 
2876 729 
6076 243 
2795 729 
2552 729 
5752 243 
2633 729 
2390 729 
5104 243 
2309 729 
2066 729 
27904 27 
13925 81 
13898 81 
6868 243 
13844 81 
6841 243 
6760 243 
3137 729 
13736 81 
6787 243 
6706 243 
3110 729 
6544 243 
3029 729 
2786 729 
13520 81 
6679 243 
6598 243 
3056 729 
6436 243 
2975 729 
2732 729 
6112 243 
2813 729 
2570 729 
13088 81 
6463 243 
6382 243 
2948 729 
6220 243 
2867 729 
2624 729 
5896 243 
2705 729 
2462 729 
5248 243 
2381 729 
2138 729 
12224 81 
6031 243 
5950 243 
2732 729 
5788 243 
2651 729 
2408 729 
5464 243 
2489 729 
2246 729 
4816 243 
2165 729 
1922 729 
10496 81 
5167 243 
5086 243 
2300 729 
4924 243 
2219 729 
1976 729 
4600 243 
2057 729 
1814 729 
3952 243 
1733 729 
1490 729 
25600 27 
12773 81 
12746 81 
6292 243 
12692 81 
6265 243 
6184 243 
2849 729 
12584 81 
6211 243 
6130 243 
2822 729 
5968 243 
2741 729 
2498 729 
12368 81 
6103 243 
6022 243 
2768 729 
5860 243 
2687 729 
2444 729 
5536 243 
2525 729 
2282 729 
11936 81 
5887 243 
5806 243 
2660 729 
5644 243 
2579 729 
2336 729 
5320 243 
2417 729 
2174 729 
4672 243 
2093 729 
1850 729 
11072 81 
5455 243 
5374 243 
2444 729 
5212 243 
2363 729 
2120 729 
4888 243 
2201 729 
1958 729 
4240 243 
1877 729 
1634 729 
57344 9 
28663 27 
28654 27 
14300 81 
28636 27 
14291 81 
14264 81 
7051 243 
28600 27 
14273 81 
14246 81 
7042 243 
14192 81 
7015 243 
6934 243 
3224 729 
28528 27 
14237 81 
14210 81 
7024 243 
14156 81 
6997 243 
6916 243 
3215 729 
14048 81 
6943 243 
6862 243 
3188 729 
6700 243 
3107 729 
2864 729 
28384 27 
14165 81 
14138 81 
6988 243 
14084 81 
6961 243 
6880 243 
3197 729 
13976 81 
6907 243 
6826 243 
3170 729 
6664 243 
3089 729 
2846 729 
13760 81 
6799 243 
6718 243 
3116 729 
6556 243 
3035 729 
2792 729 
6232 243 
2873 729 
2630 729 
28096 27 
14021 81 
13994 81 
6916 243 
13940 81 
6889 243 
6808 243 
3161 729 
13832 81 
6835 243 
6754 243 
3134 729 
6592 243 
3053 729 
2810 729 
13616 81 
6727 243 
6646 243 
3080 729 
6484 243 
2999 729 
2756 729 
6160 243 
2837 729 
2594 729 
13184 81 
6511 243 
6430 243 
2972 729 
6268 243 
2891 729 
2648 729 
5944 243 
2729 729 
2486 729 
5296 243 
2405 729 
2162 729 
27520 27 
13733 81 
13706 81 
6772 243 
13652 81 
6745 243 
6664 243 
3089 729 
13544 81 
6691 243 
6610 243 
3062 729 
6448 243 
2981 729 
2738 729 
13328 81 
6583 243 
6502 243 
3008 729 
6340 243 
2927 729 
2684 729 
6016 243 
2765 729 
2522 729 
12896 81 
6367 243 
6286 243 
2900 729 
6124 243 
2819 729 
2576 729 
5800 243 
2657 729 
2414 729 
5152 243 
2333 729 
2090 729 
12032 81 
5935 243 
5854 243 
2684 729 
5692 243 
2603 729 
2360 729 
5368 243 
2441 729 
2198 729 
4720 243 
2117 729 
1874 729 
26368 27 
13157 81 
13130 81 
6484 243 
13076 81 
6457 243 
6376 243 
2945 729 
12968 81 
6403 243 
6322 243 
2918 729 
6160 243 
2837 729 
2594 729 
12752 81 
6295 243 
6214 243 
2864 729 
6052 243 
2783 729 
2540 729 
5728 243 
2621 729 
2378 729 
12320 81 
6079 243 
5998 243 
2756 729 
5836 243 
2675 729 
2432 729 
5512 243 
2513 729 
2270 729 
4864 243 
2189 729 
1946 729 
11456 81 
5647 243 
5566 243 
2540 729 
5404 243 
2459 729 
2216 729 
5080 243 
2297 729 
2054 729 
4432 243 
1973 729 
1730 729 
24064 27 
12005 81 
11978 81 
5908 243 
11924 81 
5881 243 
5800 243 
2657 729 
11816 81 
5827 243 
5746 243 
2630 729 
5584 243 
2549 729 
2306 729 
11600 81 
5719 243 
5638 243 
2576 729 
5476 243 
2495 729 
2252 729 
5152 243 
2333 729 
2090 729 
11168 81 
5503 243 
5422 243 
2468 729 
5260 243 
2387 729 
2144 729 
4936 243 
2225 729 
1982 729 
4288 243 
1901 729 
1658 729 
10304 81 
5071 243 
4990 243 
2252 729 
4828 243 
2171 729 
1928 729 
4504 243 
2009 729 
1766 729 
122880 3 
61437 9 
61434 9 
30708 27 
61428 9 
30705 27 
30696 27 
15321 81 
61416 9 
30699 27 
30690 27 
15318 81 
30672 27 
15309 81 
15282 81 
7560 243 
61392 9 
30687 27 
30678 27 
15312 81 
30660 27 
15303 81 
15276 81 
7557 243 
30624 27 
15285 81 
15258 81 
7548 243 
15204 81 
7521 243 
7440 243 
3477 729 
61344 9 
30663 27 
30654 27 
15300 81 
30636 27 
15291 81 
15264 81 
7551 243 
30600 27 
15273 81 
15246 81 
7542 243 
15192 81 
7515 243 
7434 243 
3474 729 
30528 27 
15237 81 
15210 81 
7524 243 
15156 81 
7497 243 
7416 243 
3465 729 
15048 81 
7443 243 
7362 243 
3438 729 
7200 243 
3357 729 
3114 729 
61248 9 
30615 27 
30606 27 
15276 81 
30588 27 
15267 81 
15240 81 
7539 243 
30552 27 
15249 81 
15222 81 
7530 243 
15168 81 
7503 243 
7422 243 
3468 729 
30480 27 
15213 81 
15186 81 
7512 243 
15132 81 
7485 243 
7404 243 
3459 729 
15024 81 
7431 243 
7350 243 
3432 729 
7188 243 
3351 729 
3108 729 
30336 27 
15141 81 
15114 81 
7476 243 
15060 81 
7449 243 
7368 243 
3441 729 
14952 81 
7395 243 
7314 243 
3414 729 
7152 243 
3333 729 
3090 729 
14736 81 
7287 243 
7206 243 
3360 729 
7044 243 
3279 729 
3036 729 
6720 243 
3117 729 
2874 729 
61056 9 
30519 27 
30510 27 
15228 81 
30492 27 
15219 81 
15192 81 
7515 243 
30456 27 
15201 81 
15174 81 
7506 243 
15120 81 
7479 243 
7398 243 
3456 729 
30384 27 
15165 81 
15138 81 
7488 243 
15084 81 
7461 243 
7380 243 
3447 729 
14976 81 
7407 243 
7326 243 
3420 729 
7164 243 
3339 729 
3096 729 
30240 27 
15093 81 
15066 81 
7452 243 
15012 81 
7425 243 
7344 243 
3429 729 
14904 81 
7371 243 
7290 243 
3402 729 
7128 243 
3321 729 
3078 729 
14688 81 
7263 243 
7182 243 
3348 729 
7020 243 
3267 729 
3024 729 
6696 243 
3105 729 
2862 729 
29952 27 
14949 81 
14922 81 
7380 243 
14868 81 
7353 243 
7272 243 
3393 729 
14760 81 
7299 243 
7218 243 
3366 729 
7056 243 
3285 729 
3042 729 
14544 81 
7191 243 
7110 243 
3312 729 
6948 243 
3231 729 
2988 729 
6624 243 
3069 729 
2826 729 
14112 81 
6975 243 
6894 243 
3204 729 
6732 243 
3123 729 
2880 729 
6408 243 
2961 729 
2718 729 
5760 243 
2637 729 
2394 729 
60672 9 
30327 27 
30318 27 
15132 81 
30300 27 
15123 81 
15096 81 
7467 243 
30264 27 
15105 81 
15078 81 
7458 243 
15024 81 
7431 243 
7350 243 
3432 729 
30192 27 
15069 81 
15042 81 
7440 243 
14988 81 
7413 243 
7332 243 
3423 729 
14880 81 
7359 243 
7278 243 
3396 729 
7116 243 
3315 729 
3072 729 
30048 27 
14997 81 
14970 81 
7404 243 
14916 81 
7377 243 
7296 243 
3405 729 
14808 81 
7323 243 
7242 243 
3378 729 
7080 243 
3297 729 
3054 729 
14592 81 
7215 243 
7134 243 
3324 729 
6972 243 
3243 729 
3000 729 
6648 243 
3081 729 
2838 729 
29760 27 
14853 81 
14826 81 
7332 243 
14772 81 
7305 243 
7224 243 
3369 729 
14664 81 
7251 243 
7170 243 
3342 729 
7008 243 
3261 729 
3018 729 
14448 81 
7143 243 
7062 243 
3288 729 
6900 243 
3207 729 
2964 729 
6576 243 
3045 729 
2802 729 
14016 81 
6927 243 
6846 243 
3180 729 
6684 243 
3099 729 
2856 729 
6360 243 
2937 729 
2694 729 
5712 243 
2613 729 
2370 729 
29184 27 
14565 81 
14538 81 
7188 243 
14484 81 
7161 243 
7080 243 
3297 729 
14376 81 
7107 243 
7026 243 
3270 729 
6864 243 
3189 729 
2946 729 
14160 81 
6999 243 
6918 243 
3216 729 
6756 243 
3135 729 
2892 729 
6432 243 
2973 729 
2730 729 
13728 81 
6783 243 
6702 243 
3108 729 
6540 243 
3027 729 
2784 729 
6216 243 
2865 729 
2622 729 
5568 243 
2541 729 
2298 729 
12864 81 
6351 243 
6270 243 
2892 729 
6108 243 
2811 729 
2568 729 
5784 243 
2649 729 
2406 729 
5136 243 
2325 729 
2082 729 
59904 9 
29943 27 
29934 27 
14940 81 
29916 27 
14931 81 
14904 81 
7371 243 
29880 27 
14913 81 
14886 81 
7362 243 
14832 81 
7335 243 
7254 243 
3384 729 
29808 27 
14877 81 
14850 81 
7344 243 
14796 81 
7317 243 
7236 243 
3375 729 
14688 81 
7263 243 
7182 243 
3348 729 
7020 243 
3267 729 
3024 729 
29664 27 
14805 81 
14778 81 
7308 243 
14724 81 
7281 243 
7200 243 
3357 729 
14616 81 
7227 243 
7146 243 
3330 729 
6984 243 
3249 729 
3006 729 
14400 81 
7119 243 
7038 243 
3276 729 
6876 243 
3195 729 
2952 729 
6552 243 
3033 729 
2790 729 
29376 27 
14661 81 
14634 81 
7236 243 
14580 81 
7209 243 
7128 243 
3321 729 
14472 81 
7155 243 
7074 243 
3294 729 
6912 243 
3213 729 
2970 729 
14256 81 
7047 243 
6966 243 
3240 729 
6804 243 
3159 729 
2916 729 
6480 243 
2997 729 
2754 729 
13824 81 
6831 243 
6750 243 
3132 729 
6588 243 
3051 729 
2808 729 
6264 243 
2889 729 
2646 729 
5616 243 
2565 729 
2322 729 
28800 27 
14373 81 
14346 81 
7092 243 
14292 81 
7065 243 
6984 243 
3249 729 
14184 81 
7011 243 
6930 243 
3222 729 
6768 243 
3141 729 
2898 729 
13968 81 
6903 243 
6822 243 
3168 729 
6660 243 
3087 729 
2844 729 
6336 243 
2925 729 
2682 729 
13536 81 
6687 243 
6606 243 
3060 729 
6444 243 
2979 729 
2736 729 
6120 243 
2817 729 
2574 729 
5472 243 
2493 729 
2250 729 
12672 81 
6255 243 
6174 243 
2844 729 
6012 243 
2763 729 
2520 729 
5688 243 
2601 729 
2358 729 
5040 243 
2277 729 
2034 729 
27648 27 
13797 81 
13770 81 
6804 243 
13716 81 
6777 243 
6696 243 
3105 729 
13608 81 
6723 243 
6642 243 
3078 729 
6480 243 
2997 729 
2754 729 
13392 81 
6615 243 
6534 243 
3024 729 
6372 243 
2943 729 
2700 729 
6048 243 
2781 729 
2538 729 
12960 81 
6399 243 
6318 243 
2916 729 
6156 243 
2835 729 
2592 729 
5832 243 
2673 729 
2430 729 
5184 243 
2349 729 
2106 729 
12096 81 
5967 243 
5886 243 
2700 729 
5724 243 
2619 729 
2376 729 
5400 243 
2457 729 
2214 729 
4752 243 
2133 729 
1890 729 
10368 81 
5103 243 
5022 243 
2268 729 
4860 243 
2187 729 
1944 729 
4536 243 
2025 729 
1782 729 
3888 243 
1701 729 
1458 729 
58368 9 
29175 27 
29166 27 
14556 81 
29148 27 
14547 81 
14520 81 
7179 243 
29112 27 
14529 81 
14502 81 
7170 243 
14448 81 
7143 243 
7062 243 
3288 729 
29040 27 
14493 81 
14466 81 
7152 243 
14412 81 
7125 243 
7044 243 
3279 729 
14304 81 
7071 243 
6990 243 
3252 729 
6828 243 
3171 729 
2928 729 
28896 27 
14421 81 
14394 81 
7116 243 
14340 81 
7089 243 
7008 243 
3261 729 
14232 81 
7035 243 
6954 243 
3234 729 
6792 243 
3153 729 
2910 729 
14016 81 
6927 243 
6846 243 
3180 729 
6684 243 
3099 729 
2856 729 
6360 243 
2937 729 
2694 729 
28608 27 
14277 81 
14250 81 
7044 243 
14196 81 
7017 243 
6936 243 
3225 729 
14088 81 
6963 243 
6882 243 
3198 729 
6720 243 
3117 729 
2874 729 
13872 81 
6855 243 
6774 243 
3144 729 
6612 243 
3063 729 
2820 729 
6288 243 
2901 729 
2658 729 
13440 81 
6639 243 
6558 243 
3036 729 
6396 243 
2955 729 
2712 729 
6072 243 
2793 729 
2550 729 
5424 243 
2469 729 
2226 729 
28032 27 
13989 81 
13962 81 
6900 243 
13908 81 
6873 243 
6792 243 
3153 729 
13800 81 
6819 243 
6738 243 
3126 729 
6576 243 
3045 729 
2802 729 
13584 81 
6711 243 
6630 243 
3072 729 
6468 243 
2991 729 
2748 729 
6144 243 
2829 729 
2586 729 
13152 81 
6495 243 
6414 243 
2964 729 
6252 243 
2883 729 
2640 729 
5928 243 
2721 729 
2478 729 
5280 243 
2397 729 
2154 729 
12288 81 
6063 243 
5982 243 
2748 729 
5820 243 
2667 729 
2424 729 
5496 243 
2505 729 
2262 729 
4848 243 
2181 729 
1938 729 
26880 27 
13413 81 
13386 81 
6612 243 
13332 81 
6585 243 
6504 243 
3009 729 
13224 81 
6531 243 
6450 243 
2982 729 
6288 243 
2901 729 
2658 729 
13008 81 
6423 243 
6342 243 
2928 729 
6180 243 
2847 729 
2604 729 
5856 243 
2685 729 
2442 729 
12576 81 
6207 243 
6126 243 
2820 729 
5964 243 
2739 729 
2496 729 
5640 243 
2577 729 
2334 729 
4992 243 
2253 729 
2010 729 
11712 81 
5775 243 
5694 243 
2604 729 
5532 243 
2523 729 
2280 729 
5208 243 
2361 729 
2118 729 
4560 243 
2037 729 
1794 729 
24576 27 
12261 81 
12234 81 
6036 243 
12180 81 
6009 243 
5928 243 
2721 729 
12072 81 
5955 243 
5874 243 
2694 729 
5712 243 
2613 729 
2370 729 
11856 81 
5847 243 
5766 243 
2640 729 
5604 243 
2559 729 
2316 729 
5280 243 
2397 729 
2154 729 
11424 81 
5631 243 
5550 243 
2532 729 
5388 243 
2451 729 
2208 729 
5064 243 
2289 729 
2046 729 
4416 243 
1965 729 
1722 729 
10560 81 
5199 243 
5118 243 
2316 729 
4956 243 
2235 729 
1992 729 
4632 243 
2073 729 
1830 729 
3984 243 
1749 729 
1506 729 
55296 9 
27639 27 
27630 27 
13788 81 
27612 27 
13779 81 
13752 81 
6795 243 
27576 27 
13761 81 
13734 81 
6786 243 
13680 81 
6759 243 
6678 243 
3096 729 
27504 27 
13725 81 
13698 81 
6768 243 
13644 81 
6741 243 
6660 243 
3087 729 
13536 81 
6687 243 
6606 243 
3060 729 
6444 243 
2979 729 
2736 729 
27360 27 
13653 81 
13626 81 
6732 243 
13572 81 
6705 243 
6624 243 
3069 729 
13464 81 
6651 243 
6570 243 
3042 729 
6408 243 
2961 729 
2718 729 
13248 81 
6543 243 
6462 243 
2988 729 
6300 243 
2907 729 
2664 729 
5976 243 
2745 729 
2502 729 
27072 27 
13509 81 
13482 81 
6660 243 
13428 81 
6633 243 
6552 243 
3033 729 
13320 81 
6579 243 
6498 243 
3006 729 
6336 243 
2925 729 
2682 729 
13104 81 
6471 243 
6390 243 
2952 729 
6228 243 
2871 729 
2628 729 
5904 243 
2709 729 
2466 729 
12672 81 
6255 243 
6174 243 
2844 729 
6012 243 
2763 729 
2520 729 
5688 243 
2601 729 
2358 729 
5040 243 
2277 729 
2034 729 
26496 27 
13221 81 
13194 81 
6516 243 
13140 81 
6489 243 
6408 243 
2961 729 
13032 81 
6435 243 
6354 243 
2934 729 
6192 243 
2853 729 
2610 729 
12816 81 
6327 243 
6246 243 
2880 729 
6084 243 
2799 729 
2556 729 
5760 243 
2637 729 
2394 729 
12384 81 
6111 243 
6030 243 
2772 729 
5868 243 
2691 729 
2448 729 
5544 243 
2529 729 
2286 729 
4896 243 
2205 729 
1962 729 
11520 81 
5679 243 
5598 243 
2556 729 
5436 243 
2475 729 
2232 729 
5112 243 
2313 729 
2070 729 
4464 243 
1989 729 
1746 729 
25344 27 
12645 81 
12618 81 
6228 243 
12564 81 
6201 243 
6120 243 
2817 729 
12456 81 
6147 243 
6066 243 
2790 729 
5904 243 
2709 729 
2466 729 
12240 81 
6039 243 
5958 243 
2736 729 
5796 243 
2655 729 
2412 729 
5472 243 
2493 729 
2250 729 
11808 81 
5823 243 
5742 243 
2628 729 
5580 243 
2547 729 
2304 729 
5256 243 
2385 729 
2142 729 
4608 243 
2061 729 
1818 729 
10944 81 
5391 243 
5310 243 
2412 729 
5148 243 
2331 729 
2088 729 
4824 243 
2169 729 
1926 729 
4176 243 
1845 729 
1602 729 
23040 27 
11493 81 
11466 81 
5652 243 
11412 81 
5625 243 
5544 243 
2529 729 
11304 81 
5571 243 
5490 243 
2502 729 
5328 243 
2421 729 
2178 729 
11088 81 
5463 243 
5382 243 
2448 729 
5220 243 
2367 729 
2124 729 
4896 243 
2205 729 
1962 729 
10656 81 
5247 243 
5166 243 
2340 729 
5004 243 
2259 729 
2016 729 
4680 243 
2097 729 
1854 729 
4032 243 
1773 729 
1530 729 
9792 81 
4815 243 
4734 243 
2124 729 
4572 243 
2043 729 
1800 729 
4248 243 
1881 729 
1638 729 
49152 9 
24567 27 
24558 27 
12252 81 
24540 27 
12243 81 
12216 81 
6027 243 
24504 27 
12225 81 
12198 81 
6018 243 
12144 81 
5991 243 
5910 243 
2712 729 
24432 27 
12189 81 
12162 81 
6000 243 
12108 81 
5973 243 
5892 243 
2703 729 
12000 81 
5919 243 
5838 243 
2676 729 
5676 243 
2595 729 
2352 729 
24288 27 
12117 81 
12090 81 
5964 243 
12036 81 
5937 243 
5856 243 
2685 729 
11928 81 
5883 243 
5802 243 
2658 729 
5640 243 
2577 729 
2334 729 
11712 81 
5775 243 
5694 243 
2604 729 
5532 243 
2523 729 
2280 729 
5208 243 
2361 729 
2118 729 
24000 27 
11973 81 
11946 81 
5892 243 
11892 81 
5865 243 
5784 243 
2649 729 
11784 81 
5811 243 
5730 243 
2622 729 
5568 243 
2541 729 
2298 729 
11568 81 
5703 243 
5622 243 
2568 729 
5460 243 
2487 729 
2244 729 
5136 243 
2325 729 
2082 729 
11136 81 
5487 243 
5406 243 
2460 729 
5244 243 
2379 729 
2136 729 
4920 243 
2217 729 
1974 729 
4272 243 
1893 729 
1650 729 
23424 27 
11685 81 
11658 81 
5748 243 
11604 81 
5721 243 
5640 243 
2577 729 
11496 81 
5667 243 
5586 243 
2550 729 
5424 243 
2469 729 
2226 729 
11280 81 
5559 243 
5478 243 
2496 729 
5316 243 
2415 729 
2172 729 
4992 243 
2253 729 
2010 729 
10848 81 
5343 243 
5262 243 
2388 729 
5100 243 
2307 729 
2064 729 
4776 243 
2145 729 
1902 729 
4128 243 
1821 729 
1578 729 
9984 81 
4911 243 
4830 243 
2172 729 
4668 243 
2091 729 
1848 729 
4344 243 
1929 729 
1686 729 
22272 27 
11109 81 
11082 81 
5460 243 
11028 81 
5433 243 
5352 243 
2433 729 
10920 81 
5379 243 
5298 243 
2406 729 
5136 243 
2325 729 
2082 729 
10704 81 
5271 243 
5190 243 
2352 729 
5028 243 
2271 729 
2028 729 
4704 243 
2109 729 
1866 729 
10272 81 
5055 243 
4974 243 
2244 729 
4812 243 
2163 729 
1920 729 
4488 243 
2001 729 
1758 729 
9408 81 
4623 243 
4542 243 
2028 729 
4380 243 
1947 729 
1704 729 
4056 243 
1785 729 
1542 729 
19968 27 
9957 81 
9930 81 
4884 243 
9876 81 
4857 243 
4776 243 
2145 729 
9768 81 
4803 243 
4722 243 
2118 729 
4560 243 
2037 729 
1794 729 
9552 81 
4695 243 
4614 243 
2064 729 
4452 243 
1983 729 
1740 729 
4128 243 
1821 729 
1578 729 
9120 81 
4479 243 
4398 243 
1956 729 
4236 243 
1875 729 
1632 729 
3912 243 
1713 729 
1470 729 
8256 81 
4047 243 
3966 243 
1740 729 
3804 243 
1659 729 
3480 243 
1497 729 
114688 3 
57341 9 
57338 9 
28660 27 
57332 9 
28657 27 
28648 27 
14297 81 
57320 9 
28651 27 
28642 27 
14294 81 
28624 27 
14285 81 
14258 81 
7048 243 
57296 9 
28639 27 
28630 27 
14288 81 
28612 27 
14279 81 
14252 81 
7045 243 
28576 27 
14261 81 
14234 81 
7036 243 
14180 81 
7009 243 
6928 243 
3221 729 
57248 9 
28615 27 
28606 27 
14276 81 
28588 27 
14267 81 
14240 81 
7039 243 
28552 27 
14249 81 
14222 81 
7030 243 
14168 81 
7003 243 
6922 243 
3218 729 
28480 27 
14213 81 
14186 81 
7012 243 
14132 81 
6985 243 
6904 243 
3209 729 
14024 81 
6931 243 
6850 243 
3182 729 
6688 243 
3101 729 
2858 729 
57152 9 
28567 27 
28558 27 
14252 81 
28540 27 
14243 81 
14216 81 
7027 243 
28504 27 
14225 81 
14198 81 
7018 243 
14144 81 
6991 243 
6910 243 
3212 729 
28432 27 
14189 81 
14162 81 
7000 243 
14108 81 
6973 243 
6892 243 
3203 729 
14000 81 
6919 243 
6838 243 
3176 729 
6676 243 
3095 729 
2852 729 
28288 27 
14117 81 
14090 81 
6964 243 
14036 81 
6937 243 
6856 243 
3185 729 
13928 81 
6883 243 
6802 243 
3158 729 
6640 243 
3077 729 
2834 729 
13712 81 
6775 243 
6694 243 
3104 729 
6532 243 
3023 729 
2780 729 
6208 243 
2861 729 
2618 729 
56960 9 
28471 27 
28462 27 
14204 81 
28444 27 
14195 81 
14168 81 
7003 243 
28408 27 
14177 81 
14150 81 
6994 243 
14096 81 
6967 243 
6886 243 
3200 729 
28336 27 
14141 81 
14114 81 
6976 243 
14060 81 
6949 243 
6868 243 
3191 729 
13952 81 
6895 243 
6814 243 
3164 729 
6652 243 
3083 729 
2840 729 
28192 27 
14069 81 
14042 81 
6940 243 
13988 81 
6913 243 
6832 243 
3173 729 
13880 81 
6859 243 
6778 243 
3146 729 
6616 243 
3065 729 
2822 729 
13664 81 
6751 243 
6670 243 
3092 729 
6508 243 
3011 729 
2768 729 
6184 243 
2849 729 
2606 729 
27904 27 
13925 81 
13898 81 
6868 243 
13844 81 
6841 243 
6760 243 
3137 729 
13736 81 
6787 243 
6706 243 
3110 729 
6544 243 
3029 729 
2786 729 
13520 81 
6679 243 
6598 243 
3056 729 
6436 243 
2975 729 
2732 729 
6112 243 
2813 729 
2570 729 
13088 81 
6463 243 
6382 243 
2948 729 
6220 243 
2867 729 
2624 729 
5896 243 
2705 729 
2462 729 
5248 243 
2381 729 
2138 729 
56576 9 
28279 27 
28270 27 
14108 81 
28252 27 
14099 81 
14072 81 
6955 243 
28216 27 
14081 81 
14054 81 
6946 243 
14000 81 
6919 243 
6838 243 
3176 729 
28144 27 
14045 81 
14018 81 
6928 243 
13964 81 
6901 243 
6820 243 
3167 729 
13856 81 
6847 243 
6766 243 
3140 729 
6604 243 
3059 729 
2816 729 
28000 27 
13973 81 
13946 81 
6892 243 
13892 81 
6865 243 
6784 243 
3149 729 
13784 81 
6811 243 
6730 243 
3122 729 
6568 243 
3041 729 
2798 729 
13568 81 
6703 243 
6622 243 
3068 729 
6460 243 
2987 729 
2744 729 
6136 243 
2825 729 
2582 729 
27712 27 
13829 81 
13802 81 
6820 243 
13748 81 
6793 243 
6712 243 
3113 729 
13640 81 
6739 243 
6658 243 
3086 729 
6496 243 
3005 729 
2762 729 
13424 81 
6631 243 
6550 243 
3032 729 
6388 243 
2951 729 
2708 729 
6064 243 
2789 729 
2546 729 
12992 81 
6415 243 
6334 243 
2924 729 
6172 243 
2843 729 
2600 729 
5848 243 
2681 729 
2438 729 
5200 243 
2357 729 
2114 729 
27136 27 
13541 81 
13514 81 
6676 243 
13460 81 
6649 243 
6568 243 
3041 729 
13352 81 
6595 243 
6514 243 
3014 729 
6352 243 
2933 729 
2690 729 
13136 81 
6487 243 
6406 243 
2960 729 
6244 243 
2879 729 
2636 729 
5920 243 
2717 729 
2474 729 
12704 81 
6271 243 
6190 243 
2852 729 
6028 243 
2771 729 
2528 729 
5704 243 
2609 729 
2366 729 
5056 243 
2285 729 
2042 729 
11840 81 
5839 243 
5758 243 
2636 729 
5596 243 
2555 729 
2312 729 
5272 243 
2393 729 
2150 729 
4624 243 
2069 729 
1826 729 
55808 9 
27895 27 
27886 27 
13916 81 
27868 27 
13907 81 
13880 81 
6859 243 
27832 27 
13889 81 
13862 81 
6850 243 
13808 81 
6823 243 
6742 243 
3128 729 
27760 27 
13853 81 
13826 81 
6832 243 
13772 81 
6805 243 
6724 243 
3119 729 
13664 81 
6751 243 
6670 243 
3092 729 
6508 243 
3011 729 
2768 729 
27616 27 
13781 81 
13754 81 
6796 243 
13700 81 
6769 243 
6688 243 
3101 729 
13592 81 
6715 243 
6634 243 
3074 729 
6472 243 
2993 729 
2750 729 
13376 81 
6607 243 
6526 243 
3020 729 
6364 243 
2939 729 
2696 729 
6040 243 
2777 729 
2534 729 
27328 27 
13637 81 
13610 81 
6724 243 
13556 81 
6697 243 
6616 243 
3065 729 
13448 81 
6643 243 
6562 243 
3038 729 
6400 243 
2957 729 
2714 729 
13232 81 
6535 243 
6454 243 
2984 729 
6292 243 
2903 729 
2660 729 
5968 243 
2741 729 
2498 729 
12800 81 
6319 243 
6238 243 
2876 729 
6076 243 
2795 729 
2552 729 
5752 243 
2633 729 
2390 729 
5104 243 
2309 729 
2066 729 
26752 27 
13349 81 
13322 81 
6580 243 
13268 81 
6553 243 
6472 243 
2993 729 
13160 81 
6499 243 
6418 243 
2966 729 
6256 243 
2885 729 
2642 729 
12944 81 
6391 243 
6310 243 
2912 729 
6148 243 
2831 729 
2588 729 
5824 243 
2669 729 
2426 729 
12512 81 
6175 243 
6094 243 
2804 729 
5932 243 
2723 729 
2480 729 
5608 243 
2561 729 
2318 729 
4960 243 
2237 729 
1994 729 
11648 81 
5743 243 
5662 243 
2588 729 
5500 243 
2507 729 
2264 729 
5176 243 
2345 729 
2102 729 
4528 243 
2021 729 
1778 729 
25600 27 
12773 81 
12746 81 
6292 243 
12692 81 
6265 243 
6184 243 
2849 729 
12584 81 
6211 243 
6130 243 
2822 729 
5968 243 
2741 729 
2498 729 
12368 81 
6103 243 
6022 243 
2768 729 
5860 243 
2687 729 
2444 729 
5536 243 
2525 729 
2282 729 
11936 81 
5887 243 
5806 243 
2660 729 
5644 243 
2579 729 
2336 729 
5320 243 
2417 729 
2174 729 
4672 243 
2093 729 
1850 729 
11072 81 
5455 243 
5374 243 
2444 729 
5212 243 
2363 729 
2120 729 
4888 243 
2201 729 
1958 729 
4240 243 
1877 729 
1634 729 
54272 9 
27127 27 
27118 27 
13532 81 
27100 27 
13523 81 
13496 81 
6667 243 
27064 27 
13505 81 
13478 81 
6658 243 
13424 81 
6631 243 
6550 243 
3032 729 
26992 27 
13469 81 
13442 81 
6640 243 
13388 81 
6613 243 
6532 243 
3023 729 
13280 81 
6559 243 
6478 243 
2996 729 
6316 243 
2915 729 
2672 729 
26848 27 
13397 81 
13370 81 
6604 243 
13316 81 
6577 243 
6496 243 
3005 729 
13208 81 
6523 243 
6442 243 
2978 729 
6280 243 
2897 729 
2654 729 
12992 81 
6415 243 
6334 243 
2924 729 
6172 243 
2843 729 
2600 729 
5848 243 
2681 729 
2438 729 
26560 27 
13253 81 
13226 81 
6532 243 
13172 81 
6505 243 
6424 243 
2969 729 
13064 81 
6451 243 
6370 243 
2942 729 
6208 243 
2861 729 
2618 729 
12848 81 
6343 243 
6262 243 
2888 729 
6100 243 
2807 729 
2564 729 
5776 243 
2645 729 
2402 729 
12416 81 
6127 243 
6046 243 
2780 729 
5884 243 
2699 729 
2456 729 
5560 243 
2537 729 
2294 729 
4912 243 
2213 729 
1970 729 
25984 27 
12965 81 
12938 81 
6388 243 
12884 81 
6361 243 
6280 243 
2897 729 
12776 81 
6307 243 
6226 243 
2870 729 
6064 243 
2789 729 
2546 729 
12560 81 
6199 243 
6118 243 
2816 729 
5956 243 
2735 729 
2492 729 
5632 243 
2573 729 
2330 729 
12128 81 
5983 243 
5902 243 
2708 729 
5740 243 
2627 729 
2384 729 
5416 243 
2465 729 
2222 729 
4768 243 
2141 729 
1898 729 
11264 81 
5551 243 
5470 243 
2492 729 
5308 243 
2411 729 
2168 729 
4984 243 
2249 729 
2006 729 
4336 243 
1925 729 
1682 729 
24832 27 
12389 81 
12362 81 
6100 243 
12308 81 
6073 243 
5992 243 
2753 729 
12200 81 
6019 243 
5938 243 
2726 729 
5776 243 
2645 729 
2402 729 
11984 81 
5911 243 
5830 243 
2672 729 
5668 243 
2591 729 
2348 729 
5344 243 
2429 729 
2186 729 
11552 81 
5695 243 
5614 243 
2564 729 
5452 243 
2483 729 
2240 729 
5128 243 
2321 729 
2078 729 
4480 243 
1997 729 
1754 729 
10688 81 
5263 243 
5182 243 
2348 729 
5020 243 
2267 729 
2024 729 
4696 243 
2105 729 
1862 729 
4048 243 
1781 729 
1538 729 
22528 27 
11237 81 
11210 81 
5524 243 
11156 81 
5497 243 
5416 243 
2465 729 
11048 81 
5443 243 
5362 243 
2438 729 
5200 243 
2357 729 
2114 729 
10832 81 
5335 243 
5254 243 
2384 729 
5092 243 
2303 729 
2060 729 
4768 243 
2141 729 
1898 729 
10400 81 
5119 243 
5038 243 
2276 729 
4876 243 
2195 729 
1952 729 
4552 243 
2033 729 
1790 729 
3904 243 
1709 729 
1466 729 
9536 81 
4687 243 
4606 243 
2060 729 
4444 243 
1979 729 
1736 729 
4120 243 
1817 729 
1574 729 
51200 9 
25591 27 
25582 27 
12764 81 
25564 27 
12755 81 
12728 81 
6283 243 
25528 27 
12737 81 
12710 81 
6274 243 
12656 81 
6247 243 
6166 243 
2840 729 
25456 27 
12701 81 
12674 81 
6256 243 
12620 81 
6229 243 
6148 243 
2831 729 
12512 81 
6175 243 
6094 243 
2804 729 
5932 243 
2723 729 
2480 729 
25312 27 
12629 81 
12602 81 
6220 243 
12548 81 
6193 243 
6112 243 
2813 729 
12440 81 
6139 243 
6058 243 
2786 729 
5896 243 
2705 729 
2462 729 
12224 81 
6031 243 
5950 243 
2732 729 
5788 243 
2651 729 
2408 729 
5464 243 
2489 729 
2246 729 
25024 27 
12485 81 
12458 81 
6148 243 
12404 81 
6121 243 
6040 243 
2777 729 
12296 81 
6067 243 
5986 243 
2750 729 
5824 243 
2669 729 
2426 729 
12080 81 
5959 243 
5878 243 
2696 729 
5716 243 
2615 729 
2372 729 
5392 243 
2453 729 
2210 729 
11648 81 
5743 243 
5662 243 
2588 729 
5500 243 
2507 729 
2264 729 
5176 243 
2345 729 
2102 729 
4528 243 
2021 729 
1778 729 
24448 27 
12197 81 
12170 81 
6004 243 
12116 81 
5977 243 
5896 243 
2705 729 
12008 81 
5923 243 
5842 243 
2678 729 
5680 243 
2597 729 
2354 729 
11792 81 
5815 243 
5734 243 
2624 729 
5572 243 
2543 729 
2300 729 
5248 243 
2381 729 
2138 729 
11360 81 
5599 243 
5518 243 
2516 729 
5356 243 
2435 729 
2192 729 
5032 243 
2273 729 
2030 729 
4384 243 
1949 729 
1706 729 
10496 81 
5167 243 
5086 243 
2300 729 
4924 243 
2219 729 
1976 729 
4600 243 
2057 729 
1814 729 
3952 243 
1733 729 
1490 729 
23296 27 
11621 81 
11594 81 
5716 243 
11540 81 
5689 243 
5608 243 
2561 729 
11432 81 
5635 243 
5554 243 
2534 729 
5392 243 
2453 729 
2210 729 
11216 81 
5527 243 
5446 243 
2480 729 
5284 243 
2399 729 
2156 729 
4960 243 
2237 729 
1994 729 
10784 81 
5311 243 
5230 243 
2372 729 
5068 243 
2291 729 
2048 729 
4744 243 
2129 729 
1886 729 
4096 243 
1805 729 
1562 729 
9920 81 
4879 243 
4798 243 
2156 729 
4636 243 
2075 729 
1832 729 
4312 243 
1913 729 
1670 729 
20992 27 
10469 81 
10442 81 
5140 243 
10388 81 
5113 243 
5032 243 
2273 729 
10280 81 
5059 243 
4978 243 
2246 729 
4816 243 
2165 729 
1922 729 
10064 81 
4951 243 
4870 243 
2192 729 
4708 243 
2111 729 
1868 729 
4384 243 
1949 729 
1706 729 
9632 81 
4735 243 
4654 243 
2084 729 
4492 243 
2003 729 
1760 729 
4168 243 
1841 729 
1598 729 
8768 81 
4303 243 
4222 243 
1868 729 
4060 243 
1787 729 
1544 729 
3736 243 
1625 729 
45056 9 
22519 27 
22510 27 
11228 81 
22492 27 
11219 81 
11192 81 
5515 243 
22456 27 
11201 81 
11174 81 
5506 243 
11120 81 
5479 243 
5398 243 
2456 729 
22384 27 
11165 81 
11138 81 
5488 243 
11084 81 
5461 243 
5380 243 
2447 729 
10976 81 
5407 243 
5326 243 
2420 729 
5164 243 
2339 729 
2096 729 
22240 27 
11093 81 
11066 81 
5452 243 
11012 81 
5425 243 
5344 243 
2429 729 
10904 81 
5371 243 
5290 243 
2402 729 
5128 243 
2321 729 
2078 729 
10688 81 
5263 243 
5182 243 
2348 729 
5020 243 
2267 729 
2024 729 
4696 243 
2105 729 
1862 729 
21952 27 
10949 81 
10922 81 
5380 243 
10868 81 
5353 243 
5272 243 
2393 729 
10760 81 
5299 243 
5218 243 
2366 729 
5056 243 
2285 729 
2042 729 
10544 81 
5191 243 
5110 243 
2312 729 
4948 243 
2231 729 
1988 729 
4624 243 
2069 729 
1826 729 
10112 81 
4975 243 
4894 243 
2204 729 
4732 243 
2123 729 
1880 729 
4408 243 
1961 729 
1718 729 
21376 27 
10661 81 
10634 81 
5236 243 
10580 81 
5209 243 
5128 243 
2321 729 
10472 81 
5155 243 
5074 243 
2294 729 
4912 243 
2213 729 
1970 729 
10256 81 
5047 243 
4966 243 
2240 729 
4804 243 
2159 729 
1916 729 
4480 243 
1997 729 
1754 729 
9824 81 
4831 243 
4750 243 
2132 729 
4588 243 
2051 729 
1808 729 
4264 243 
1889 729 
1646 729 
8960 81 
4399 243 
4318 243 
1916 729 
4156 243 
1835 729 
1592 729 
3832 243 
1673 729 
20224 27 
10085 81 
10058 81 
4948 243 
10004 81 
4921 243 
4840 243 
2177 729 
9896 81 
4867 243 
4786 243 
2150 729 
4624 243 
2069 729 
1826 729 
9680 81 
4759 243 
4678 243 
2096 729 
4516 243 
2015 729 
1772 729 
4192 243 
1853 729 
1610 729 
9248 81 
4543 243 
4462 243 
1988 729 
4300 243 
1907 729 
1664 729 
3976 243 
1745 729 
1502 729 
8384 81 
4111 243 
4030 243 
1772 729 
3868 243 
1691 729 
3544 243 
1529 729 
17920 27 
8933 81 
8906 81 
4372 243 
8852 81 
4345 243 
4264 243 
1889 729 
8744 81 
4291 243 
4210 243 
1862 729 
4048 243 
1781 729 
1538 729 
8528 81 
4183 243 
4102 243 
1808 729 
3940 243 
1727 729 
1484 729 
3616 243 
1565 729 
8096 81 
3967 243 
3886 243 
1700 729 
3724 243 
1619 729 
3400 243 
1457 729 
7232 81 
3535 243 
3454 243 
1484 729 
3292 243 
1403 729 
2968 243 
1241 729 
98304 3 
49149 9 
49146 9 
24564 27 
49140 9 
24561 27 
24552 27 
12249 81 
49128 9 
24555 27 
24546 27 
12246 81 
24528 27 
12237 81 
12210 81 
6024 243 
49104 9 
24543 27 
24534 27 
12240 81 
24516 27 
12231 81 
12204 81 
6021 243 
24480 27 
12213 81 
12186 81 
6012 243 
12132 81 
5985 243 
5904 243 
2709 729 
49056 9 
24519 27 
24510 27 
12228 81 
24492 27 
12219 81 
12192 81 
6015 243 
24456 27 
12201 81 
12174 81 
6006 243 
12120 81 
5979 243 
5898 243 
2706 729 
24384 27 
12165 81 
12138 81 
5988 243 
12084 81 
5961 243 
5880 243 
2697 729 
11976 81 
5907 243 
5826 243 
2670 729 
5664 243 
2589 729 
2346 729 
48960 9 
24471 27 
24462 27 
12204 81 
24444 27 
12195 81 
12168 81 
6003 243 
24408 27 
12177 81 
12150 81 
5994 243 
12096 81 
5967 243 
5886 243 
2700 729 
24336 27 
12141 81 
12114 81 
5976 243 
12060 81 
5949 243 
5868 243 
2691 729 
11952 81 
5895 243 
5814 243 
2664 729 
5652 243 
2583 729 
2340 729 
24192 27 
12069 81 
12042 81 
5940 243 
11988 81 
5913 243 
5832 243 
2673 729 
11880 81 
5859 243 
5778 243 
2646 729 
5616 243 
2565 729 
2322 729 
11664 81 
5751 243 
5670 243 
2592 729 
5508 243 
2511 729 
2268 729 
5184 243 
2349 729 
2106 729 
48768 9 
24375 27 
24366 27 
12156 81 
24348 27 
12147 81 
12120 81 
5979 243 
24312 27 
12129 81 
12102 81 
5970 243 
12048 81 
5943 243 
5862 243 
2688 729 
24240 27 
12093 81 
12066 81 
5952 243 
12012 81 
5925 243 
5844 243 
2679 729 
11904 81 
5871 243 
5790 243 
2652 729 
5628 243 
2571 729 
2328 729 
24096 27 
12021 81 
11994 81 
5916 243 
11940 81 
5889 243 
5808 243 
2661 729 
11832 81 
5835 243 
5754 243 
2634 729 
5592 243 
2553 729 
2310 729 
11616 81 
5727 243 
5646 243 
2580 729 
5484 243 
2499 729 
2256 729 
5160 243 
2337 729 
2094 729 
23808 27 
11877 81 
11850 81 
5844 243 
11796 81 
5817 243 
5736 243 
2625 729 
11688 81 
5763 243 
5682 243 
2598 729 
5520 243 
2517 729 
2274 729 
11472 81 
5655 243 
5574 243 
2544 729 
5412 243 
2463 729 
2220 729 
5088 243 
2301 729 
2058 729 
11040 81 
5439 243 
5358 243 
2436 729 
5196 243 
2355 729 
2112 729 
4872 243 
2193 729 
1950 729 
4224 243 
1869 729 
1626 729 
48384 9 
24183 27 
24174 27 
12060 81 
24156 27 
12051 81 
12024 81 
5931 243 
24120 27 
12033 81 
12006 81 
5922 243 
11952 81 
5895 243 
5814 243 
2664 729 
24048 27 
11997 81 
11970 81 
5904 243 
11916 81 
5877 243 
5796 243 
2655 729 
11808 81 
5823 243 
5742 243 
2628 729 
5580 243 
2547 729 
2304 729 
23904 27 
11925 81 
11898 81 
5868 243 
11844 81 
5841 243 
5760 243 
2637 729 
11736 81 
5787 243 
5706 243 
2610 729 
5544 243 
2529 729 
2286 729 
11520 81 
5679 243 
5598 243 
2556 729 
5436 243 
2475 729 
2232 729 
5112 243 
2313 729 
2070 729 
23616 27 
11781 81 
11754 81 
5796 243 
11700 81 
5769 243 
5688 243 
2601 729 
11592 81 
5715 243 
5634 243 
2574 729 
5472 243 
2493 729 
2250 729 
11376 81 
5607 243 
5526 243 
2520 729 
5364 243 
2439 729 
2196 729 
5040 243 
2277 729 
2034 729 
10944 81 
5391 243 
5310 243 
2412 729 
5148 243 
2331 729 
2088 729 
4824 243 
2169 729 
1926 729 
4176 243 
1845 729 
1602 729 
23040 27 
11493 81 
11466 81 
5652 243 
11412 81 
5625 243 
5544 243 
2529 729 
11304 81 
5571 243 
5490 243 
2502 729 
5328 243 
2421 729 
2178 729 
11088 81 
5463 243 
5382 243 
2448 729 
5220 243 
2367 729 
2124 729 
4896 243 
2205 729 
1962 729 
10656 81 
5247 243 
5166 243 
2340 729 
5004 243 
2259 729 
2016 729 
4680 243 
2097 729 
1854 729 
4032 243 
1773 729 
1530 729 
9792 81 
4815 243 
4734 243 
2124 729 
4572 243 
2043 729 
1800 729 
4248 243 
1881 729 
1638 729 
47616 9 
23799 27 
23790 27 
11868 81 
23772 27 
11859 81 
11832 81 
5835 243 
23736 27 
11841 81 
11814 81 
5826 243 
11760 81 
5799 243 
5718 243 
2616 729 
23664 27 
11805 81 
11778 81 
5808 243 
11724 81 
5781 243 
5700 243 
2607 729 
11616 81 
5727 243 
5646 243 
2580 729 
5484 243 
2499 729 
2256 729 
23520 27 
11733 81 
11706 81 
5772 243 
11652 81 
5745 243 
5664 243 
2589 729 
11544 81 
5691 243 
5610 243 
2562 729 
5448 243 
2481 729 
2238 729 
11328 81 
5583 243 
5502 243 
2508 729 
5340 243 
2427 729 
2184 729 
5016 243 
2265 729 
2022 729 
23232 27 
11589 81 
11562 81 
5700 243 
11508 81 
5673 243 
5592 243 
2553 729 
11400 81 
5619 243 
5538 243 
2526 729 
5376 243 
2445 729 
2202 729 
11184 81 
5511 243 
5430 243 
2472 729 
5268 243 
2391 729 
2148 729 
4944 243 
2229 729 
1986 729 
10752 81 
5295 243 
5214 243 
2364 729 
5052 243 
2283 729 
2040 729 
4728 243 
2121 729 
1878 729 
4080 243 
1797 729 
1554 729 
22656 27 
11301 81 
11274 81 
5556 243 
11220 81 
5529 243 
5448 243 
2481 729 
11112 81 
5475 243 
5394 243 
2454 729 
5232 243 
2373 729 
2130 729 
10896 81 
5367 243 
5286 243 
2400 729 
5124 243 
2319 729 
2076 729 
4800 243 
2157 729 
1914 729 
10464 81 
5151 243 
5070 243 
2292 729 
4908 243 
2211 729 
1968 729 
4584 243 
2049 729 
1806 729 
3936 243 
1725 729 
1482 729 
9600 81 
4719 243 
4638 243 
2076 729 
4476 243 
1995 729 
1752 729 
4152 243 
1833 729 
1590 729 
21504 27 
10725 81 
10698 81 
5268 243 
10644 81 
5241 243 
5160 243 
2337 729 
10536 81 
5187 243 
5106 243 
2310 729 
4944 243 
2229 729 
1986 729 
10320 81 
5079 243 
4998 243 
2256 729 
4836 243 
2175 729 
1932 729 
4512 243 
2013 729 
1770 729 
9888 81 
4863 243 
4782 243 
2148 729 
4620 243 
2067 729 
1824 729 
4296 243 
1905 729 
1662 729 
9024 81 
4431 243 
4350 243 
1932 729 
4188 243 
1851 729 
1608 729 
3864 243 
1689 729 
46080 9 
23031 27 
23022 27 
11484 81 
23004 27 
11475 81 
11448 81 
5643 243 
22968 27 
11457 81 
11430 81 
5634 243 
11376 81 
5607 243 
5526 243 
2520 729 
22896 27 
11421 81 
11394 81 
5616 243 
11340 81 
5589 243 
5508 243 
2511 729 
11232 81 
5535 243 
5454 243 
2484 729 
5292 243 
2403 729 
2160 729 
22752 27 
11349 81 
11322 81 
5580 243 
11268 81 
5553 243 
5472 243 
2493 729 
11160 81 
5499 243 
5418 243 
2466 729 
5256 243 
2385 729 
2142 729 
10944 81 
5391 243 
5310 243 
2412 729 
5148 243 
2331 729 
2088 729 
4824 243 
2169 729 
1926 729 
22464 27 
11205 81 
11178 81 
5508 243 
11124 81 
5481 243 
5400 243 
2457 729 
11016 81 
5427 243 
5346 243 
2430 729 
5184 243 
2349 729 
2106 729 
10800 81 
5319 243 
5238 243 
2376 729 
5076 243 
2295 729 
2052 729 
4752 243 
2133 729 
1890 729 
10368 81 
5103 243 
5022 243 
2268 729 
4860 243 
2187 729 
1944 729 
4536 243 
2025 729 
1782 729 
3888 243 
1701 729 
1458 729 
21888 27 
10917 81 
10890 81 
5364 243 
10836 81 
5337 243 
5256 243 
2385 729 
10728 81 
5283 243 
5202 243 
2358 729 
5040 243 
2277 729 
2034 729 
10512 81 
5175 243 
5094 243 
2304 729 
4932 243 
2223 729 
1980 729 
4608 243 
2061 729 
1818 729 
10080 81 
4959 243 
4878 243 
2196 729 
4716 243 
2115 729 
1872 729 
4392 243 
1953 729 
1710 729 
9216 81 
4527 243 
4446 243 
1980 729 
4284 243 
1899 729 
1656 729 
3960 243 
1737 729 
1494 729 
20736 27 
10341 81 
10314 81 
5076 243 
10260 81 
5049 243 
4968 243 
2241 729 
10152 81 
4995 243 
4914 243 
2214 729 
4752 243 
2133 729 
1890 729 
9936 81 
4887 243 
4806 243 
2160 729 
4644 243 
2079 729 
1836 729 
4320 243 
1917 729 
1674 729 
9504 81 
4671 243 
4590 243 
2052 729 
4428 243 
1971 729 
1728 729 
4104 243 
1809 729 
1566 729 
8640 81 
4239 243 
4158 243 
1836 729 
3996 243 
1755 729 
1512 729 
3672 243 
1593 729 
18432 27 
9189 81 
9162 81 
4500 243 
9108 81 
4473 243 
4392 243 
1953 729 
9000 81 
4419 243 
4338 243 
1926 729 
4176 243 
1845 729 
1602 729 
8784 81 
4311 243 
4230 243 
1872 729 
4068 243 
1791 729 
1548 729 
3744 243 
1629 729 
8352 81 
4095 243 
4014 243 
1764 729 
3852 243 
1683 729 
3528 243 
1521 729 
7488 81 
3663 243 
3582 243 
1548 729 
3420 243 
1467 729 
3096 243 
1305 729 
43008 9 
21495 27 
21486 27 
10716 81 
21468 27 
10707 81 
10680 81 
5259 243 
21432 27 
10689 81 
10662 81 
5250 243 
10608 81 
5223 243 
5142 243 
2328 729 
21360 27 
10653 81 
10626 81 
5232 243 
10572 81 
5205 243 
5124 243 
2319 729 
10464 81 
5151 243 
5070 243 
2292 729 
4908 243 
2211 729 
1968 729 
21216 27 
10581 81 
10554 81 
5196 243 
10500 81 
5169 243 
5088 243 
2301 729 
10392 81 
5115 243 
5034 243 
2274 729 
4872 243 
2193 729 
1950 729 
10176 81 
5007 243 
4926 243 
2220 729 
4764 243 
2139 729 
1896 729 
4440 243 
1977 729 
1734 729 
20928 27 
10437 81 
10410 81 
5124 243 
10356 81 
5097 243 
5016 243 
2265 729 
10248 81 
5043 243 
4962 243 
2238 729 
4800 243 
2157 729 
1914 729 
10032 81 
4935 243 
4854 243 
2184 729 
4692 243 
2103 729 
1860 729 
4368 243 
1941 729 
1698 729 
9600 81 
4719 243 
4638 243 
2076 729 
4476 243 
1995 729 
1752 729 
4152 243 
1833 729 
1590 729 
20352 27 
10149 81 
10122 81 
4980 243 
10068 81 
4953 243 
4872 243 
2193 729 
9960 81 
4899 243 
4818 243 
2166 729 
4656 243 
2085 729 
1842 729 
9744 81 
4791 243 
4710 243 
2112 729 
4548 243 
2031 729 
1788 729 
4224 243 
1869 729 
1626 729 
9312 81 
4575 243 
4494 243 
2004 729 
4332 243 
1923 729 
1680 729 
4008 243 
1761 729 
1518 729 
8448 81 
4143 243 
4062 243 
1788 729 
3900 243 
1707 729 
1464 729 
3576 243 
1545 729 
19200 27 
9573 81 
9546 81 
4692 243 
9492 81 
4665 243 
4584 243 
2049 729 
9384 81 
4611 243 
4530 243 
2022 729 
4368 243 
1941 729 
1698 729 
9168 81 
4503 243 
4422 243 
1968 729 
4260 243 
1887 729 
1644 729 
3936 243 
1725 729 
1482 729 
8736 81 
4287 243 
4206 243 
1860 729 
4044 243 
1779 729 
1536 729 
3720 243 
1617 729 
7872 81 
3855 243 
3774 243 
1644 729 
3612 243 
1563 729 
3288 243 
1401 729 
16896 27 
8421 81 
8394 81 
4116 243 
8340 81 
4089 243 
4008 243 
1761 729 
8232 81 
4035 243 
3954 243 
1734 729 
3792 243 
1653 729 
8016 81 
3927 243 
3846 243 
1680 729 
3684 243 
1599 729 
3360 243 
1437 729 
7584 81 
3711 243 
3630 243 
1572 729 
3468 243 
1491 729 
3144 243 
1329 729 
6720 81 
3279 243 
3198 243 
1356 729 
3036 243 
1275 729 
2712 243 
1113 729 
36864 9 
18423 27 
18414 27 
9180 81 
18396 27 
9171 81 
9144 81 
4491 243 
18360 27 
9153 81 
9126 81 
4482 243 
9072 81 
4455 243 
4374 243 
1944 729 
18288 27 
9117 81 
9090 81 
4464 243 
9036 81 
4437 243 
4356 243 
1935 729 
8928 81 
4383 243 
4302 243 
1908 729 
4140 243 
1827 729 
1584 729 
18144 27 
9045 81 
9018 81 
4428 243 
8964 81 
4401 243 
4320 243 
1917 729 
8856 81 
4347 243 
4266 243 
1890 729 
4104 243 
1809 729 
1566 729 
8640 81 
4239 243 
4158 243 
1836 729 
3996 243 
1755 729 
1512 729 
3672 243 
1593 729 
17856 27 
8901 81 
8874 81 
4356 243 
8820 81 
4329 243 
4248 243 
1881 729 
8712 81 
4275 243 
4194 243 
1854 729 
4032 243 
1773 729 
1530 729 
8496 81 
4167 243 
4086 243 
1800 729 
3924 243 
1719 729 
1476 729 
3600 243 
1557 729 
8064 81 
3951 243 
3870 243 
1692 729 
3708 243 
1611 729 
3384 243 
1449 729 
17280 27 
8613 81 
8586 81 
4212 243 
8532 81 
4185 243 
4104 243 
1809 729 
8424 81 
4131 243 
4050 243 
1782 729 
3888 243 
1701 729 
1458 729 
8208 81 
4023 243 
3942 243 
1728 729 
3780 243 
1647 729 
3456 243 
1485 729 
7776 81 
3807 243 
3726 243 
1620 729 
3564 243 
1539 729 
3240 243 
1377 729 
6912 81 
3375 243 
3294 243 
1404 729 
3132 243 
1323 729 
2808 243 
1161 729 
16128 27 
8037 81 
8010 81 
3924 243 
7956 81 
3897 243 
3816 243 
1665 729 
7848 81 
3843 243 
3762 243 
1638 729 
3600 243 
1557 729 
7632 81 
3735 243 
3654 243 
1584 729 
3492 243 
1503 729 
3168 243 
1341 729 
7200 81 
3519 243 
3438 243 
1476 729 
3276 243 
1395 729 
2952 243 
1233 729 
6336 81 
3087 243 
3006 243 
1260 729 
2844 243 
1179 729 
2520 243 
1017 729 
13824 27 
6885 81 
6858 81 
3348 243 
6804 81 
3321 243 
3240 243 
1377 729 
6696 81 
3267 243 
3186 243 
1350 729 
3024 243 
1269 729 
6480 81 
3159 243 
3078 243 
1296 729 
2916 243 
1215 729 
2592 243 
1053 729 
6048 81 
2943 243 
2862 243 
1188 729 
2700 243 
1107 729 
2376 243 
945 729 
5184 81 
2511 243 
2430 243 
972 729 
2268 243 
891 729 
1944 243 
729 729 
