32768 1 
16383 3 
16380 3 
16368 3 
8181 9 
8172 9 
4077 27 
16320 3 
8154 9 
8136 9 
4050 27 
8064 9 
4023 27 
3996 27 
1944 81 
3888 27 
16128 3 
15360 3 
7677 9 
7668 9 
7632 9 
3807 27 
3780 27 
1863 81 
7488 9 
3726 27 
3672 27 
1782 81 
3456 27 
1701 81 
1620 81 
729 243 
1296 81 
486 243 
6912 9 
12288 3 
6138 9 
6120 9 
3051 27 
3024 27 
1458 81 
6048 9 
5760 9 
2862 27 
2808 27 
1377 81 
1296 81 
486 243 
2592 27 
4608 9 
2295 27 
2268 27 
2160 27 
1053 81 
972 81 
1728 27 
810 81 
648 81 
243 243 
