65536 1 
32766 3 
16380 9 
32760 3 
32736 3 
16362 9 
16344 9 
8154 27 
4050 81 
32640 3 
16317 9 
16308 9 
16272 9 
8127 27 
8100 27 
16128 9 
8046 27 
7992 27 
3969 81 
3888 81 
7776 27 
32256 3 
30720 3 
15354 9 
7668 27 
15336 9 
15264 9 
7614 27 
7560 27 
3726 81 
14976 9 
7479 27 
7452 27 
7344 27 
3645 81 
3564 81 
1701 243 
6912 27 
3402 81 
3240 81 
1458 243 
2592 81 
1215 243 
972 243 
13824 9 
24576 3 
12285 9 
12276 9 
6129 27 
12240 9 
6102 27 
6048 27 
2997 81 
2916 81 
12096 9 
11520 9 
5751 27 
5724 27 
2835 81 
5616 27 
2754 81 
2592 81 
1215 243 
972 243 
5184 27 
9216 9 
4590 27 
2268 81 
4536 27 
4320 27 
2106 81 
972 243 
1944 81 
3456 27 
1701 81 
1620 81 
729 243 
1296 81 
486 243 
