131072 1 
65535 3 
65532 3 
32760 9 
65520 3 
65472 3 
32733 9 
32724 9 
32688 9 
16335 27 
16308 27 
8100 81 
65280 3 
32634 9 
16308 27 
32616 9 
32544 9 
16254 27 
8100 81 
16200 27 
32256 9 
16119 27 
16092 27 
8019 81 
15984 27 
7938 81 
3888 243 
7776 81 
15552 27 
64512 3 
61440 3 
30717 9 
30708 9 
15336 27 
30672 9 
30528 9 
15255 27 
15228 27 
15120 27 
7533 81 
7452 81 
3645 243 
29952 9 
14958 27 
7452 81 
14904 27 
14688 27 
7290 81 
7128 81 
3402 243 
1458 729 
13824 27 
6885 81 
6804 81 
6480 81 
3159 243 
2916 243 
5184 81 
2430 243 
1944 243 
729 729 
27648 9 
49152 3 
24570 9 
24552 9 
12258 27 
24480 9 
12231 27 
12204 27 
6075 81 
12096 27 
5994 81 
2916 243 
5832 81 
24192 9 
23040 9 
11502 27 
11448 27 
5670 81 
11232 27 
5589 81 
5508 81 
2673 243 
5184 81 
2430 243 
1944 243 
729 729 
10368 27 
18432 9 
9207 27 
9180 27 
4536 81 
2187 243 
9072 27 
8640 27 
4293 81 
4212 81 
1944 243 
729 729 
3888 81 
6912 27 
3402 81 
3240 81 
1458 243 
2592 81 
1215 243 
972 243 
