262144 1 
131070 3 
131064 3 
65529 9 
65520 9 
32751 27 
131040 3 
130944 3 
65466 9 
32724 27 
65448 9 
65376 9 
32670 27 
32616 27 
16281 81 
16200 81 
8019 243 
130560 3 
65277 9 
65268 9 
32616 27 
16281 81 
65232 9 
65088 9 
32535 27 
32508 27 
16200 81 
8019 243 
32400 27 
64512 9 
32238 27 
32184 27 
16038 81 
31968 27 
15957 81 
15876 81 
7776 243 
3645 729 
15552 81 
31104 27 
129024 3 
122880 3 
61434 9 
61416 9 
30699 27 
30672 27 
15309 81 
61344 9 
61056 9 
30510 27 
15228 81 
30456 27 
30240 27 
15066 81 
14904 81 
7290 243 
59904 9 
29943 27 
29916 27 
14904 81 
29808 27 
29376 27 
14661 81 
14580 81 
14256 81 
7047 243 
6804 243 
2916 729 
27648 27 
13770 81 
6804 243 
13608 81 
12960 81 
6318 243 
2916 729 
5832 243 
10368 81 
5103 243 
4860 243 
2187 729 
3888 243 
1458 729 
55296 9 
98304 3 
49149 9 
49140 9 
49104 9 
24543 27 
24516 27 
12231 81 
48960 9 
24462 27 
24408 27 
12150 81 
24192 27 
12069 81 
11988 81 
5832 243 
11664 81 
48384 9 
46080 9 
23031 27 
23004 27 
22896 27 
11421 81 
11340 81 
5589 243 
22464 27 
11178 81 
11016 81 
5346 243 
10368 81 
5103 243 
4860 243 
2187 729 
3888 243 
1458 729 
20736 27 
36864 9 
18414 27 
18360 27 
9153 81 
9072 81 
4374 243 
18144 27 
17280 27 
8586 81 
8424 81 
4131 243 
3888 243 
1458 729 
7776 81 
13824 27 
6885 81 
6804 81 
6480 81 
3159 243 
2916 243 
5184 81 
2430 243 
1944 243 
729 729 
