524288 1 
262143 3 
262140 3 
131067 9 
262128 3 
131058 9 
131040 9 
65502 27 
32724 81 
262080 3 
261888 3 
130941 9 
130932 9 
65448 27 
130896 9 
130752 9 
65367 27 
65340 27 
32643 81 
65232 27 
32562 81 
32400 81 
16038 243 
261120 3 
130554 9 
130536 9 
65259 27 
65232 27 
32562 81 
130464 9 
130176 9 
65070 27 
65016 27 
32481 81 
32400 81 
16038 243 
64800 27 
129024 9 
64503 27 
64476 27 
64368 27 
32157 81 
32076 81 
63936 27 
31914 81 
31752 81 
15795 243 
15552 243 
7290 729 
31104 81 
62208 27 
258048 3 
245760 3 
122877 9 
122868 9 
61425 27 
122832 9 
61398 27 
61344 27 
30618 81 
122688 9 
122112 9 
61047 27 
61020 27 
30456 81 
60912 27 
60480 27 
30213 81 
30132 81 
29808 81 
14823 243 
14580 243 
119808 9 
59886 27 
59832 27 
29889 81 
29808 81 
14823 243 
59616 27 
58752 27 
29322 81 
14580 243 
29160 81 
28512 81 
14094 243 
13608 243 
6561 729 
5832 729 
2187 2187 
55296 27 
27621 81 
27540 81 
13608 243 
6561 729 
27216 81 
25920 81 
12879 243 
12636 243 
5832 729 
2187 2187 
11664 243 
20736 81 
10206 243 
9720 243 
4374 729 
7776 243 
3645 729 
2916 729 
110592 9 
196608 3 
98298 9 
49140 27 
98280 9 
98208 9 
49086 27 
49032 27 
24462 81 
12150 243 
97920 9 
48951 27 
48924 27 
48816 27 
24381 81 
24300 81 
48384 27 
24138 81 
23976 81 
11907 243 
11664 243 
23328 81 
96768 9 
92160 9 
46062 27 
23004 81 
46008 27 
45792 27 
22842 81 
22680 81 
11178 243 
44928 27 
22437 81 
22356 81 
22032 81 
10935 243 
10692 243 
5103 729 
20736 81 
10206 243 
9720 243 
4374 729 
7776 243 
3645 729 
2916 729 
41472 27 
73728 9 
36855 27 
36828 27 
18387 81 
36720 27 
18306 81 
18144 81 
8991 243 
8748 243 
36288 27 
34560 27 
17253 81 
17172 81 
8505 243 
16848 81 
8262 243 
7776 243 
3645 729 
2916 729 
15552 81 
27648 27 
13770 81 
6804 243 
13608 81 
12960 81 
6318 243 
2916 729 
5832 243 
10368 81 
5103 243 
4860 243 
2187 729 
3888 243 
1458 729 
