1048576 1 
524286 3 
524280 3 
262134 9 
131058 27 
524256 3 
262125 9 
262116 9 
262080 9 
131031 27 
131004 27 
65448 81 
524160 3 
523776 3 
261882 9 
261864 9 
130923 27 
130896 27 
261792 9 
261504 9 
130734 27 
130680 27 
65286 81 
32562 243 
130464 27 
65205 81 
65124 81 
64800 81 
32319 243 
32076 243 
522240 3 
261117 9 
261108 9 
130545 27 
261072 9 
130518 27 
130464 27 
65205 81 
65124 81 
260928 9 
260352 9 
130167 27 
130140 27 
65043 81 
130032 27 
64962 81 
64800 81 
32319 243 
32076 243 
129600 27 
258048 9 
129006 27 
64476 81 
128952 27 
128736 27 
64314 81 
32076 243 
64152 81 
127872 27 
63909 81 
63828 81 
31833 243 
63504 81 
31590 243 
31104 243 
15309 729 
14580 729 
6561 2187 
62208 81 
124416 27 
516096 3 
491520 3 
245754 9 
245736 9 
122850 27 
61398 81 
245664 9 
122823 27 
122796 27 
122688 27 
61317 81 
61236 81 
245376 9 
244224 9 
122094 27 
122040 27 
60993 81 
60912 81 
30375 243 
121824 27 
120960 27 
60426 81 
30132 243 
60264 81 
59616 81 
29646 243 
14580 729 
29160 243 
239616 9 
119799 27 
119772 27 
59859 81 
119664 27 
59778 81 
59616 81 
29646 243 
14580 729 
119232 27 
117504 27 
58725 81 
58644 81 
29160 243 
58320 81 
57024 81 
28431 243 
28188 243 
13851 729 
27216 243 
13122 729 
11664 729 
4374 2187 
110592 27 
55242 81 
55080 81 
27459 243 
27216 243 
13122 729 
54432 81 
51840 81 
25758 243 
25272 243 
12393 729 
11664 729 
4374 2187 
23328 243 
41472 81 
20655 243 
20412 243 
19440 243 
9477 729 
8748 729 
15552 243 
7290 729 
5832 729 
2187 2187 
221184 9 
393216 3 
196605 9 
196596 9 
98280 27 
196560 9 
196416 9 
98199 27 
98172 27 
98064 27 
49005 81 
48924 81 
24300 243 
195840 9 
97902 27 
48924 81 
97848 27 
97632 27 
48762 81 
24300 243 
48600 81 
96768 27 
48357 81 
48276 81 
24057 243 
47952 81 
23814 243 
11664 729 
23328 243 
46656 81 
193536 9 
184320 9 
92151 27 
92124 27 
46008 81 
92016 27 
91584 27 
45765 81 
45684 81 
45360 81 
22599 243 
22356 243 
10935 729 
89856 27 
44874 81 
22356 243 
44712 81 
44064 81 
21870 243 
21384 243 
10206 729 
4374 2187 
41472 81 
20655 243 
20412 243 
19440 243 
9477 729 
8748 729 
15552 243 
7290 729 
5832 729 
2187 2187 
82944 27 
147456 9 
73710 27 
73656 27 
36774 81 
73440 27 
36693 81 
36612 81 
18225 243 
36288 81 
17982 243 
8748 729 
17496 243 
72576 27 
69120 27 
34506 81 
34344 81 
17010 243 
33696 81 
16767 243 
16524 243 
8019 729 
15552 243 
7290 729 
5832 729 
2187 2187 
31104 81 
55296 27 
27621 81 
27540 81 
13608 243 
6561 729 
27216 81 
25920 81 
12879 243 
12636 243 
5832 729 
2187 2187 
11664 243 
20736 81 
10206 243 
9720 243 
4374 729 
7776 243 
3645 729 
2916 729 
