2097152 1 
1048575 3 
1048572 3 
1048560 3 
524277 9 
524268 9 
262116 27 
1048512 3 
524250 9 
262116 27 
524232 9 
524160 9 
262062 27 
262008 27 
130977 81 
130896 81 
65367 243 
1048320 3 
1047552 3 
523773 9 
523764 9 
261873 27 
523728 9 
261846 27 
130896 81 
261792 27 
523584 9 
523008 9 
261495 27 
261468 27 
261360 27 
130653 81 
130572 81 
65124 243 
260928 27 
130410 81 
65124 243 
130248 81 
129600 81 
64638 243 
32076 729 
64152 243 
1044480 3 
522234 9 
522216 9 
261090 27 
522144 9 
261063 27 
261036 27 
130491 81 
260928 27 
130410 81 
65124 243 
130248 81 
521856 9 
520704 9 
260334 27 
260280 27 
130086 81 
260064 27 
130005 81 
129924 81 
64881 243 
129600 81 
64638 243 
32076 729 
64152 243 
259200 27 
516096 9 
258039 27 
258012 27 
128952 81 
64395 243 
257904 27 
257472 27 
128709 81 
128628 81 
64152 243 
128304 81 
255744 27 
127818 81 
127656 81 
63666 243 
127008 81 
63423 243 
63180 243 
31347 729 
62208 243 
30618 729 
29160 729 
13122 2187 
124416 81 
248832 27 
1032192 3 
983040 3 
491517 9 
491508 9 
491472 9 
245727 27 
245700 27 
122796 81 
491328 9 
245646 27 
122796 81 
245592 27 
245376 27 
122634 81 
61236 243 
122472 81 
490752 9 
488448 9 
244215 27 
244188 27 
122067 81 
244080 27 
121986 81 
121824 81 
60750 243 
243648 27 
241920 27 
120933 81 
120852 81 
60264 243 
29889 729 
120528 81 
119232 81 
59535 243 
59292 243 
29160 729 
58320 243 
479232 9 
239598 27 
239544 27 
119718 81 
59778 243 
239328 27 
119637 81 
119556 81 
119232 81 
59535 243 
59292 243 
29160 729 
238464 27 
235008 27 
117450 81 
117288 81 
58563 243 
58320 243 
116640 81 
114048 81 
56862 243 
56376 243 
27702 729 
13122 2187 
54432 243 
26973 729 
26244 729 
23328 729 
10935 2187 
8748 2187 
221184 27 
110565 81 
110484 81 
55161 243 
110160 81 
54918 243 
54432 243 
26973 729 
26244 729 
108864 81 
103680 81 
51759 243 
51516 243 
25515 729 
50544 243 
24786 729 
23328 729 
10935 2187 
8748 2187 
46656 243 
82944 81 
41310 243 
20412 729 
40824 243 
38880 243 
18954 729 
8748 2187 
17496 729 
31104 243 
15309 729 
14580 729 
6561 2187 
11664 729 
4374 2187 
442368 9 
786432 3 
393210 9 
393192 9 
196587 27 
196560 27 
98253 81 
393120 9 
392832 9 
196398 27 
98172 81 
196344 27 
196128 27 
98010 81 
97848 81 
48843 243 
48600 243 
24057 729 
391680 9 
195831 27 
195804 27 
97848 81 
48843 243 
195696 27 
195264 27 
97605 81 
97524 81 
48600 243 
24057 729 
97200 81 
193536 27 
96714 81 
96552 81 
48114 243 
95904 81 
47871 243 
47628 243 
23328 729 
10935 2187 
46656 243 
93312 81 
387072 9 
368640 9 
184302 27 
184248 27 
92097 81 
92016 81 
45927 243 
184032 27 
183168 27 
91530 81 
45684 243 
91368 81 
90720 81 
45198 243 
44712 243 
21870 729 
179712 27 
89829 81 
89748 81 
44712 243 
89424 81 
88128 81 
43983 243 
43740 243 
42768 243 
21141 729 
20412 729 
8748 2187 
82944 81 
41310 243 
20412 729 
40824 243 
38880 243 
18954 729 
8748 2187 
17496 729 
31104 243 
15309 729 
14580 729 
6561 2187 
11664 729 
4374 2187 
165888 27 
294912 9 
147447 27 
147420 27 
147312 27 
73629 81 
73548 81 
36693 243 
146880 27 
73386 81 
73224 81 
36450 243 
72576 81 
36207 243 
35964 243 
17496 729 
34992 243 
145152 27 
138240 27 
69093 81 
69012 81 
68688 81 
34263 243 
34020 243 
16767 729 
67392 81 
33534 243 
33048 243 
16038 729 
31104 243 
15309 729 
14580 729 
6561 2187 
11664 729 
4374 2187 
62208 81 
110592 27 
55242 81 
55080 81 
27459 243 
27216 243 
13122 729 
54432 81 
51840 81 
25758 243 
25272 243 
12393 729 
11664 729 
4374 2187 
23328 243 
41472 81 
20655 243 
20412 243 
19440 243 
9477 729 
8748 729 
15552 243 
7290 729 
5832 729 
2187 2187 
