4194304 1 
2097150 3 
1048572 9 
2097144 3 
2097120 3 
1048554 9 
1048536 9 
524259 27 
524232 27 
2097024 3 
1048509 9 
1048500 9 
524232 27 
1048464 9 
1048320 9 
524151 27 
524124 27 
262035 81 
524016 27 
261954 81 
261792 81 
130734 243 
2096640 3 
2095104 3 
1047546 9 
1047528 9 
523746 27 
1047456 9 
523719 27 
523692 27 
261792 81 
523584 27 
1047168 9 
1046016 9 
522990 27 
261468 81 
522936 27 
522720 27 
261306 81 
261144 81 
130491 243 
130248 243 
64881 729 
521856 27 
260901 81 
260820 81 
130248 243 
64881 729 
260496 81 
259200 81 
129519 243 
129276 243 
64152 729 
128304 243 
2088960 3 
1044477 9 
1044468 9 
1044432 9 
522207 27 
522180 27 
261063 81 
1044288 9 
522126 27 
522072 27 
260982 81 
521856 27 
260901 81 
260820 81 
130248 243 
64881 729 
260496 81 
1043712 9 
1041408 9 
520695 27 
520668 27 
520560 27 
260253 81 
260172 81 
130005 243 
520128 27 
260010 81 
259848 81 
129762 243 
259200 81 
129519 243 
129276 243 
64152 729 
128304 243 
518400 27 
1032192 9 
516078 27 
516024 27 
257985 81 
257904 81 
128790 243 
64152 729 
515808 27 
514944 27 
257418 81 
257256 81 
128547 243 
128304 243 
256608 81 
511488 27 
255717 81 
255636 81 
255312 81 
127575 243 
127332 243 
63423 729 
254016 81 
126846 243 
126360 243 
62694 729 
30618 2187 
124416 243 
61965 729 
61236 729 
58320 729 
28431 2187 
26244 2187 
248832 81 
497664 27 
2064384 3 
1966080 3 
983034 9 
491508 27 
983016 9 
982944 9 
491454 27 
491400 27 
245673 81 
245592 81 
122715 243 
982656 9 
491319 27 
491292 27 
245592 81 
122715 243 
491184 27 
490752 27 
245349 81 
245268 81 
122472 243 
244944 81 
981504 9 
976896 9 
488430 27 
488376 27 
244134 81 
121986 243 
488160 27 
244053 81 
243972 81 
243648 81 
121743 243 
121500 243 
60507 729 
487296 27 
483840 27 
241866 81 
241704 81 
120771 243 
120528 243 
59778 729 
241056 81 
238464 81 
119070 243 
118584 243 
59049 729 
58320 729 
28431 2187 
116640 243 
958464 9 
479223 27 
479196 27 
479088 27 
239517 81 
239436 81 
119556 243 
478656 27 
239274 81 
119556 243 
239112 81 
238464 81 
119070 243 
118584 243 
59049 729 
58320 729 
28431 2187 
476928 27 
470016 27 
234981 81 
234900 81 
117369 243 
234576 81 
117126 243 
58320 729 
116640 243 
233280 81 
228096 81 
113967 243 
113724 243 
112752 243 
56133 729 
55404 729 
26244 2187 
108864 243 
53946 729 
26244 2187 
52488 729 
46656 729 
21870 2187 
17496 2187 
6561 6561 
442368 27 
221130 81 
220968 81 
110322 243 
220320 81 
110079 243 
109836 243 
54675 729 
108864 243 
53946 729 
26244 2187 
52488 729 
217728 81 
207360 81 
103518 243 
103032 243 
51030 729 
101088 243 
50301 729 
49572 729 
24057 2187 
46656 729 
21870 2187 
17496 2187 
6561 6561 
93312 243 
165888 81 
82863 243 
82620 243 
40824 729 
19683 2187 
81648 243 
77760 243 
38637 729 
37908 729 
17496 2187 
6561 6561 
34992 729 
62208 243 
30618 729 
29160 729 
13122 2187 
23328 729 
10935 2187 
8748 2187 
884736 9 
1572864 3 
786429 9 
786420 9 
393201 27 
786384 9 
393174 27 
393120 27 
196506 81 
98172 243 
786240 9 
785664 9 
392823 27 
392796 27 
196344 81 
392688 27 
392256 27 
196101 81 
196020 81 
97929 243 
195696 81 
97686 243 
97200 243 
48114 729 
783360 9 
391662 27 
391608 27 
195777 81 
195696 81 
97686 243 
391392 27 
390528 27 
195210 81 
195048 81 
97443 243 
97200 243 
48114 729 
194400 81 
387072 27 
193509 81 
193428 81 
193104 81 
96471 243 
96228 243 
191808 81 
95742 243 
95256 243 
47385 729 
46656 729 
21870 2187 
93312 243 
186624 81 
774144 9 
737280 9 
368631 27 
368604 27 
184275 81 
368496 27 
184194 81 
184032 81 
91854 243 
368064 27 
366336 27 
183141 81 
183060 81 
91368 243 
182736 81 
181440 81 
90639 243 
90396 243 
89424 243 
44469 729 
43740 729 
359424 27 
179658 81 
179496 81 
89667 243 
89424 243 
44469 729 
178848 81 
176256 81 
87966 243 
43740 729 
87480 243 
85536 243 
42282 729 
40824 729 
19683 2187 
17496 2187 
6561 6561 
165888 81 
82863 243 
82620 243 
40824 729 
19683 2187 
81648 243 
77760 243 
38637 729 
37908 729 
17496 2187 
6561 6561 
34992 729 
62208 243 
30618 729 
29160 729 
13122 2187 
23328 729 
10935 2187 
8748 2187 
331776 27 
589824 9 
294894 27 
147420 81 
294840 27 
294624 27 
147258 81 
147096 81 
73386 243 
36450 729 
293760 27 
146853 81 
146772 81 
146448 81 
73143 243 
72900 243 
145152 81 
72414 243 
71928 243 
35721 729 
34992 729 
69984 243 
290304 27 
276480 27 
138186 81 
69012 243 
138024 81 
137376 81 
68526 243 
68040 243 
33534 729 
134784 81 
67311 243 
67068 243 
66096 243 
32805 729 
32076 729 
15309 2187 
62208 243 
30618 729 
29160 729 
13122 2187 
23328 729 
10935 2187 
8748 2187 
124416 81 
221184 27 
110565 81 
110484 81 
55161 243 
110160 81 
54918 243 
54432 243 
26973 729 
26244 729 
108864 81 
103680 81 
51759 243 
51516 243 
25515 729 
50544 243 
24786 729 
23328 729 
10935 2187 
8748 2187 
46656 243 
82944 81 
41310 243 
20412 729 
40824 243 
38880 243 
18954 729 
8748 2187 
17496 729 
31104 243 
15309 729 
14580 729 
6561 2187 
11664 729 
4374 2187 
