8388608 1 
4194303 3 
4194300 3 
2097144 9 
4194288 3 
4194240 3 
2097117 9 
2097108 9 
1048545 27 
2097072 9 
1048518 27 
524232 81 
1048464 27 
4194048 3 
2097018 9 
2097000 9 
1048491 27 
1048464 27 
2096928 9 
2096640 9 
1048302 27 
1048248 27 
524070 81 
261954 243 
1048032 27 
523989 81 
523908 81 
523584 81 
261711 243 
261468 243 
130491 729 
4193280 3 
4190208 3 
2095101 9 
2095092 9 
2095056 9 
1047519 27 
1047492 27 
2094912 9 
1047438 27 
1047384 27 
523665 81 
523584 81 
261711 243 
1047168 27 
2094336 9 
2092032 9 
1046007 27 
1045980 27 
522936 81 
1045872 27 
1045440 27 
522693 81 
522612 81 
261225 243 
522288 81 
260982 243 
260496 243 
129762 729 
1043712 27 
521802 81 
521640 81 
260739 243 
260496 243 
129762 729 
520992 81 
518400 81 
259038 243 
258552 243 
129033 729 
128304 729 
63423 2187 
256608 243 
4177920 3 
2088954 9 
1044468 27 
2088936 9 
2088864 9 
1044414 27 
1044360 27 
522126 81 
260982 243 
2088576 9 
1044279 27 
1044252 27 
1044144 27 
522045 81 
521964 81 
1043712 27 
521802 81 
521640 81 
260739 243 
260496 243 
129762 729 
520992 81 
2087424 9 
2082816 9 
1041390 27 
520668 81 
1041336 27 
1041120 27 
520506 81 
520344 81 
260010 243 
129762 729 
1040256 27 
520101 81 
520020 81 
519696 81 
259767 243 
259524 243 
518400 81 
259038 243 
258552 243 
129033 729 
128304 729 
63423 2187 
256608 243 
1036800 27 
2064384 9 
1032183 27 
1032156 27 
516051 81 
1032048 27 
515970 81 
515808 81 
257823 243 
257580 243 
128304 729 
63423 2187 
1031616 27 
1029888 27 
514917 81 
514836 81 
257337 243 
514512 81 
257094 243 
128304 729 
256608 243 
513216 81 
1022976 27 
511434 81 
255636 243 
511272 81 
510624 81 
255150 243 
254664 243 
126846 729 
508032 81 
253935 243 
253692 243 
252720 243 
126117 729 
125388 729 
61236 2187 
248832 243 
123930 729 
61236 2187 
122472 729 
116640 729 
56862 2187 
26244 6561 
52488 2187 
497664 81 
995328 27 
4128768 3 
3932160 3 
1966077 9 
1966068 9 
983016 27 
1966032 9 
1965888 9 
982935 27 
982908 27 
491427 81 
982800 27 
491346 81 
491184 81 
245430 243 
122472 729 
1965312 9 
982638 27 
982584 27 
491265 81 
491184 81 
245430 243 
122472 729 
982368 27 
981504 27 
490698 81 
490536 81 
245187 243 
244944 243 
489888 81 
1963008 9 
1953792 9 
976887 27 
976860 27 
976752 27 
488349 81 
488268 81 
243972 243 
121743 729 
976320 27 
488106 81 
243972 243 
487944 81 
487296 81 
243486 243 
243000 243 
121014 729 
974592 27 
967680 27 
483813 81 
483732 81 
241785 243 
483408 81 
241542 243 
241056 243 
120285 729 
119556 729 
59049 2187 
482112 81 
476928 81 
238383 243 
238140 243 
118827 729 
237168 243 
118098 729 
116640 729 
56862 2187 
26244 6561 
233280 243 
1916928 9 
958446 27 
479196 81 
958392 27 
958176 27 
479034 81 
478872 81 
239355 243 
239112 243 
957312 27 
478629 81 
478548 81 
239112 243 
478224 81 
476928 81 
238383 243 
238140 243 
118827 729 
237168 243 
118098 729 
116640 729 
56862 2187 
26244 6561 
953856 27 
940032 27 
469962 81 
469800 81 
234738 243 
469152 81 
234495 243 
234252 243 
116640 729 
233280 243 
466560 81 
456192 81 
227934 243 
113724 729 
227448 243 
225504 243 
112266 729 
110808 729 
54675 2187 
52488 2187 
217728 243 
108621 729 
107892 729 
52488 2187 
104976 729 
93312 729 
45927 2187 
43740 2187 
19683 6561 
34992 2187 
13122 6561 
884736 27 
442341 81 
442260 81 
441936 81 
220887 243 
220644 243 
110079 729 
440640 81 
220158 243 
219672 243 
109350 729 
217728 243 
108621 729 
107892 729 
52488 2187 
104976 729 
435456 81 
414720 81 
207279 243 
207036 243 
206064 243 
102789 729 
102060 729 
50301 2187 
202176 243 
100602 729 
99144 729 
48114 2187 
93312 729 
45927 2187 
43740 2187 
19683 6561 
34992 2187 
13122 6561 
186624 243 
331776 81 
165726 243 
165240 243 
82377 729 
81648 729 
39366 2187 
163296 243 
155520 243 
77274 729 
75816 729 
37179 2187 
34992 2187 
13122 6561 
69984 729 
124416 243 
61965 729 
61236 729 
58320 729 
28431 2187 
26244 2187 
46656 729 
21870 2187 
17496 2187 
6561 6561 
1769472 9 
3145728 3 
1572858 9 
1572840 9 
786402 27 
393174 81 
1572768 9 
786375 27 
786348 27 
786240 27 
393093 81 
393012 81 
196344 243 
1572480 9 
1571328 9 
785646 27 
785592 27 
392769 81 
392688 81 
785376 27 
784512 27 
392202 81 
392040 81 
195858 243 
97686 729 
391392 81 
195615 243 
195372 243 
194400 243 
96957 729 
96228 729 
1566720 9 
783351 27 
783324 27 
391635 81 
783216 27 
391554 81 
391392 81 
195615 243 
195372 243 
782784 27 
781056 27 
390501 81 
390420 81 
195129 243 
390096 81 
194886 243 
194400 243 
96957 729 
96228 729 
388800 81 
774144 27 
387018 81 
193428 243 
386856 81 
386208 81 
192942 243 
96228 729 
192456 243 
383616 81 
191727 243 
191484 243 
95499 729 
190512 243 
94770 729 
93312 729 
45927 2187 
43740 2187 
19683 6561 
186624 243 
373248 81 
1548288 9 
1474560 9 
737262 27 
737208 27 
368550 81 
184194 243 
736992 27 
368469 81 
368388 81 
368064 81 
183951 243 
183708 243 
736128 27 
732672 27 
366282 81 
366120 81 
182979 243 
182736 243 
91125 729 
365472 81 
362880 81 
181278 243 
90396 729 
180792 243 
178848 243 
88938 729 
43740 2187 
87480 729 
718848 27 
359397 81 
359316 81 
179577 243 
358992 81 
179334 243 
178848 243 
88938 729 
43740 2187 
357696 81 
352512 81 
176175 243 
175932 243 
87480 729 
174960 243 
171072 243 
85293 729 
84564 729 
41553 2187 
81648 729 
39366 2187 
34992 2187 
13122 6561 
331776 81 
165726 243 
165240 243 
82377 729 
81648 729 
39366 2187 
163296 243 
155520 243 
77274 729 
75816 729 
37179 2187 
34992 2187 
13122 6561 
69984 729 
124416 243 
61965 729 
61236 729 
58320 729 
28431 2187 
26244 2187 
46656 729 
21870 2187 
17496 2187 
6561 6561 
663552 27 
1179648 9 
589815 27 
589788 27 
294840 81 
589680 27 
589248 27 
294597 81 
294516 81 
294192 81 
147015 243 
146772 243 
72900 729 
587520 27 
293706 81 
146772 243 
293544 81 
292896 81 
146286 243 
72900 729 
145800 243 
290304 81 
145071 243 
144828 243 
72171 729 
143856 243 
71442 729 
34992 2187 
69984 729 
139968 243 
580608 27 
552960 27 
276453 81 
276372 81 
138024 243 
276048 81 
274752 81 
137295 243 
137052 243 
136080 243 
67797 729 
67068 729 
32805 2187 
269568 81 
134622 243 
67068 729 
134136 243 
132192 243 
65610 729 
64152 729 
30618 2187 
13122 6561 
124416 243 
61965 729 
61236 729 
58320 729 
28431 2187 
26244 2187 
46656 729 
21870 2187 
17496 2187 
6561 6561 
248832 81 
442368 27 
221130 81 
220968 81 
110322 243 
220320 81 
110079 243 
109836 243 
54675 729 
108864 243 
53946 729 
26244 2187 
52488 729 
217728 81 
207360 81 
103518 243 
103032 243 
51030 729 
101088 243 
50301 729 
49572 729 
24057 2187 
46656 729 
21870 2187 
17496 2187 
6561 6561 
93312 243 
165888 81 
82863 243 
82620 243 
40824 729 
19683 2187 
81648 243 
77760 243 
38637 729 
37908 729 
17496 2187 
6561 6561 
34992 729 
62208 243 
30618 729 
29160 729 
13122 2187 
23328 729 
10935 2187 
8748 2187 
