16777216 1 
8388606 3 
8388600 3 
4194297 9 
4194288 9 
8388576 3 
8388480 3 
4194234 9 
4194216 9 
2097090 27 
4194144 9 
2097063 27 
2097036 27 
1048464 81 
524151 243 
2096928 27 
8388096 3 
4194045 9 
4194036 9 
2097009 27 
4194000 9 
2096982 27 
1048464 81 
2096928 27 
4193856 9 
4193280 9 
2096631 27 
2096604 27 
2096496 27 
1048221 81 
1048140 81 
523908 243 
261711 729 
2096064 27 
1047978 81 
523908 243 
1047816 81 
1047168 81 
523422 243 
522936 243 
260982 729 
8386560 3 
8380416 3 
4190202 9 
2095092 27 
4190184 9 
4190112 9 
2095038 27 
1047492 81 
2094984 27 
4189824 9 
2094903 27 
2094876 27 
1047411 81 
2094768 27 
1047330 81 
1047168 81 
523422 243 
2094336 27 
4188672 9 
4184064 9 
2092014 27 
2091960 27 
1045953 81 
1045872 81 
2091744 27 
2090880 27 
1045386 81 
1045224 81 
522450 243 
260982 729 
1044576 81 
522207 243 
521964 243 
520992 243 
260253 729 
259524 729 
129033 2187 
2087424 27 
1043685 81 
1043604 81 
521721 243 
1043280 81 
521478 243 
520992 243 
260253 729 
259524 729 
129033 2187 
1041984 81 
1036800 81 
518319 243 
518076 243 
258795 729 
517104 243 
258066 729 
256608 729 
126846 2187 
513216 243 
8355840 3 
4177917 9 
4177908 9 
2088936 27 
4177872 9 
4177728 9 
2088855 27 
2088828 27 
2088720 27 
1044333 81 
1044252 81 
521964 243 
4177152 9 
2088558 27 
1044252 81 
2088504 27 
2088288 27 
1044090 81 
521964 243 
1043928 81 
2087424 27 
1043685 81 
1043604 81 
521721 243 
1043280 81 
521478 243 
520992 243 
260253 729 
259524 729 
129033 2187 
1041984 81 
4174848 9 
4165632 9 
2082807 27 
2082780 27 
1041336 81 
2082672 27 
2082240 27 
1041093 81 
1041012 81 
1040688 81 
520263 243 
520020 243 
259524 729 
129033 2187 
2080512 27 
1040202 81 
520020 243 
1040040 81 
1039392 81 
519534 243 
259524 729 
519048 243 
1036800 81 
518319 243 
518076 243 
258795 729 
517104 243 
258066 729 
256608 729 
126846 2187 
513216 243 
2073600 27 
4128768 9 
2064366 27 
2064312 27 
1032102 81 
2064096 27 
1032021 81 
1031940 81 
515889 243 
1031616 81 
515646 243 
515160 243 
257337 729 
256608 729 
126846 2187 
2063232 27 
2059776 27 
1029834 81 
1029672 81 
514674 243 
1029024 81 
514431 243 
514188 243 
256608 729 
513216 243 
1026432 81 
2045952 27 
1022949 81 
1022868 81 
511272 243 
1022544 81 
1021248 81 
510543 243 
510300 243 
509328 243 
254421 729 
253692 729 
1016064 81 
507870 243 
253692 729 
507384 243 
505440 243 
252234 729 
250776 729 
124659 2187 
122472 2187 
59049 6561 
497664 243 
248589 729 
247860 729 
122472 2187 
59049 6561 
244944 729 
233280 729 
115911 2187 
113724 2187 
52488 6561 
19683 19683 
104976 2187 
995328 81 
1990656 27 
8257536 3 
7864320 3 
3932154 9 
3932136 9 
1966059 27 
1966032 27 
3932064 9 
3931776 9 
1965870 27 
1965816 27 
982854 81 
491346 243 
1965600 27 
982773 81 
982692 81 
982368 81 
491103 243 
490860 243 
244944 729 
3930624 9 
1965303 27 
1965276 27 
982611 81 
1965168 27 
982530 81 
982368 81 
491103 243 
490860 243 
244944 729 
1964736 27 
1963008 27 
981477 81 
981396 81 
490617 243 
981072 81 
490374 243 
244944 729 
489888 243 
979776 81 
3926016 9 
3907584 9 
1953774 27 
976860 81 
1953720 27 
1953504 27 
976698 81 
976536 81 
488187 243 
487944 243 
243486 729 
1952640 27 
976293 81 
976212 81 
487944 243 
975888 81 
974592 81 
487215 243 
486972 243 
486000 243 
242757 729 
242028 729 
120285 2187 
1949184 27 
1935360 27 
967626 81 
967464 81 
483570 243 
966816 81 
483327 243 
483084 243 
241299 729 
482112 243 
240570 729 
239112 729 
118098 2187 
964224 81 
953856 81 
476766 243 
476280 243 
237654 729 
118098 2187 
474336 243 
236925 729 
236196 729 
233280 729 
115911 2187 
113724 2187 
52488 6561 
19683 19683 
466560 243 
3833856 9 
1916919 27 
1916892 27 
958392 81 
1916784 27 
1916352 27 
958149 81 
958068 81 
478953 243 
957744 81 
478710 243 
239112 729 
478224 243 
1914624 27 
957258 81 
957096 81 
478467 243 
478224 243 
956448 81 
953856 81 
476766 243 
476280 243 
237654 729 
118098 2187 
474336 243 
236925 729 
236196 729 
233280 729 
115911 2187 
113724 2187 
52488 6561 
19683 19683 
1907712 27 
1880064 27 
940005 81 
939924 81 
939600 81 
469719 243 
469476 243 
938304 81 
468990 243 
468504 243 
234009 729 
233280 729 
115911 2187 
466560 243 
933120 81 
912384 81 
456111 243 
455868 243 
227448 729 
454896 243 
451008 243 
225261 729 
224532 729 
111537 2187 
221616 729 
109350 2187 
52488 6561 
104976 2187 
435456 243 
217242 729 
215784 729 
107163 2187 
104976 2187 
209952 729 
186624 729 
91854 2187 
87480 2187 
39366 6561 
69984 2187 
32805 6561 
26244 6561 
1769472 27 
884682 81 
442260 243 
884520 81 
883872 81 
441774 243 
441288 243 
220158 729 
109350 2187 
881280 81 
440559 243 
440316 243 
439344 243 
219429 729 
218700 729 
435456 243 
217242 729 
215784 729 
107163 2187 
104976 2187 
209952 729 
870912 81 
829440 81 
414558 243 
207036 729 
414072 243 
412128 243 
205578 729 
204120 729 
100602 2187 
404352 243 
201933 729 
201204 729 
198288 729 
98415 2187 
96228 2187 
45927 6561 
186624 729 
91854 2187 
87480 2187 
39366 6561 
69984 2187 
32805 6561 
26244 6561 
373248 243 
663552 81 
331695 243 
331452 243 
165483 729 
330480 243 
164754 729 
163296 729 
80919 2187 
78732 2187 
326592 243 
311040 243 
155277 729 
154548 729 
76545 2187 
151632 729 
74358 2187 
69984 2187 
32805 6561 
26244 6561 
139968 729 
248832 243 
123930 729 
61236 2187 
122472 729 
116640 729 
56862 2187 
26244 6561 
52488 2187 
93312 729 
45927 2187 
43740 2187 
19683 6561 
34992 2187 
13122 6561 
3538944 9 
6291456 3 
3145725 9 
3145716 9 
3145680 9 
1572831 27 
1572804 27 
786348 81 
3145536 9 
1572750 27 
786348 81 
1572696 27 
1572480 27 
786186 81 
786024 81 
392931 243 
392688 243 
196101 729 
3144960 9 
3142656 9 
1571319 27 
1571292 27 
785619 81 
1571184 27 
785538 81 
392688 243 
785376 81 
1570752 27 
1569024 27 
784485 81 
784404 81 
784080 81 
391959 243 
391716 243 
195372 729 
782784 81 
391230 243 
195372 729 
390744 243 
388800 243 
193914 729 
96228 2187 
192456 729 
3133440 9 
1566702 27 
1566648 27 
783270 81 
1566432 27 
783189 81 
783108 81 
391473 243 
782784 81 
391230 243 
195372 729 
390744 243 
1565568 27 
1562112 27 
781002 81 
780840 81 
390258 243 
780192 81 
390015 243 
389772 243 
194643 729 
388800 243 
193914 729 
96228 2187 
192456 729 
777600 81 
1548288 27 
774117 81 
774036 81 
386856 243 
193185 729 
773712 81 
772416 81 
386127 243 
385884 243 
192456 729 
384912 243 
767232 81 
383454 243 
382968 243 
190998 729 
381024 243 
190269 729 
189540 729 
94041 2187 
186624 729 
91854 2187 
87480 2187 
39366 6561 
373248 243 
746496 81 
3096576 9 
2949120 9 
1474551 27 
1474524 27 
1474416 27 
737181 81 
737100 81 
368388 243 
1473984 27 
736938 81 
368388 243 
736776 81 
736128 81 
367902 243 
183708 729 
367416 243 
1472256 27 
1465344 27 
732645 81 
732564 81 
366201 243 
732240 81 
365958 243 
365472 243 
182250 729 
730944 81 
725760 81 
362799 243 
362556 243 
180792 729 
89667 2187 
361584 243 
357696 243 
178605 729 
177876 729 
87480 2187 
174960 729 
1437696 27 
718794 81 
718632 81 
359154 243 
179334 729 
717984 81 
358911 243 
358668 243 
357696 243 
178605 729 
177876 729 
87480 2187 
715392 81 
705024 81 
352350 243 
351864 243 
175689 729 
174960 729 
349920 243 
342144 243 
170586 729 
169128 729 
83106 2187 
39366 6561 
163296 729 
80919 2187 
78732 2187 
69984 2187 
32805 6561 
26244 6561 
663552 81 
331695 243 
331452 243 
165483 729 
330480 243 
164754 729 
163296 729 
80919 2187 
78732 2187 
326592 243 
311040 243 
155277 729 
154548 729 
76545 2187 
151632 729 
74358 2187 
69984 2187 
32805 6561 
26244 6561 
139968 729 
248832 243 
123930 729 
61236 2187 
122472 729 
116640 729 
56862 2187 
26244 6561 
52488 2187 
93312 729 
45927 2187 
43740 2187 
19683 6561 
34992 2187 
13122 6561 
1327104 27 
2359296 9 
1179630 27 
1179576 27 
589761 81 
589680 81 
294759 243 
1179360 27 
1178496 27 
589194 81 
294516 243 
589032 81 
588384 81 
294030 243 
293544 243 
146529 729 
145800 729 
72171 2187 
1175040 27 
587493 81 
587412 81 
293544 243 
146529 729 
587088 81 
585792 81 
292815 243 
292572 243 
145800 729 
72171 2187 
291600 243 
580608 81 
290142 243 
289656 243 
144342 729 
287712 243 
143613 729 
142884 729 
69984 2187 
32805 6561 
139968 729 
279936 243 
1161216 27 
1105920 27 
552906 81 
552744 81 
276291 243 
276048 243 
137781 729 
552096 81 
549504 81 
274590 243 
137052 729 
274104 243 
272160 243 
135594 729 
134136 729 
65610 2187 
539136 81 
269487 243 
269244 243 
134136 729 
268272 243 
264384 243 
131949 729 
131220 729 
128304 729 
63423 2187 
61236 2187 
26244 6561 
248832 243 
123930 729 
61236 2187 
122472 729 
116640 729 
56862 2187 
26244 6561 
52488 2187 
93312 729 
45927 2187 
43740 2187 
19683 6561 
34992 2187 
13122 6561 
497664 81 
884736 27 
442341 81 
442260 81 
441936 81 
220887 243 
220644 243 
110079 729 
440640 81 
220158 243 
219672 243 
109350 729 
217728 243 
108621 729 
107892 729 
52488 2187 
104976 729 
435456 81 
414720 81 
207279 243 
207036 243 
206064 243 
102789 729 
102060 729 
50301 2187 
202176 243 
100602 729 
99144 729 
48114 2187 
93312 729 
45927 2187 
43740 2187 
19683 6561 
34992 2187 
13122 6561 
186624 243 
331776 81 
165726 243 
165240 243 
82377 729 
81648 729 
39366 2187 
163296 243 
155520 243 
77274 729 
75816 729 
37179 2187 
34992 2187 
13122 6561 
69984 729 
124416 243 
61965 729 
61236 729 
58320 729 
28431 2187 
26244 2187 
46656 729 
21870 2187 
17496 2187 
6561 6561 
