33554432 1 
16777215 3 
16777212 3 
8388603 9 
16777200 3 
8388594 9 
4194288 27 
8388576 9 
16777152 3 
16776960 3 
8388477 9 
8388468 9 
8388432 9 
4194207 27 
4194180 27 
8388288 9 
4194126 27 
4194072 27 
2097009 81 
2096928 81 
1048302 243 
4193856 27 
16776192 3 
8388090 9 
8388072 9 
4194018 27 
8388000 9 
4193991 27 
4193964 27 
2096928 81 
4193856 27 
8387712 9 
8386560 9 
4193262 27 
2096604 81 
4193208 27 
4192992 27 
2096442 81 
2096280 81 
1048059 243 
1047816 243 
523422 729 
4192128 27 
2096037 81 
2095956 81 
1047816 243 
2095632 81 
2094336 81 
1047087 243 
1046844 243 
1045872 243 
522693 729 
521964 729 
260253 2187 
16773120 3 
16760832 3 
8380413 9 
8380404 9 
4190184 27 
2095065 81 
8380368 9 
8380224 9 
4190103 27 
4190076 27 
2094984 81 
4189968 27 
8379648 9 
4189806 27 
4189752 27 
2094822 81 
1047330 243 
4189536 27 
2094741 81 
2094660 81 
2094336 81 
1047087 243 
1046844 243 
4188672 27 
8377344 9 
8368128 9 
4184055 27 
4184028 27 
2091987 81 
4183920 27 
2091906 81 
1045872 243 
2091744 81 
4183488 27 
4181760 27 
2090853 81 
2090772 81 
2090448 81 
1045143 243 
1044900 243 
521964 729 
260253 2187 
2089152 81 
1044414 243 
521964 729 
1043928 243 
1041984 243 
520506 729 
519048 729 
258066 2187 
4174848 27 
2087370 81 
2087208 81 
1043442 243 
2086560 81 
1043199 243 
1042956 243 
521235 729 
1041984 243 
520506 729 
519048 729 
258066 2187 
2083968 81 
2073600 81 
1036638 243 
1036152 243 
517590 729 
258066 2187 
1034208 243 
516861 729 
516132 729 
513216 729 
255879 2187 
253692 2187 
124659 6561 
1026432 243 
16711680 3 
8355834 9 
8355816 9 
4177899 27 
4177872 27 
2088909 81 
8355744 9 
8355456 9 
4177710 27 
2088828 81 
4177656 27 
4177440 27 
2088666 81 
2088504 81 
1044171 243 
1043928 243 
8354304 9 
4177143 27 
4177116 27 
2088504 81 
1044171 243 
4177008 27 
4176576 27 
2088261 81 
2088180 81 
1043928 243 
2087856 81 
4174848 27 
2087370 81 
2087208 81 
1043442 243 
2086560 81 
1043199 243 
1042956 243 
521235 729 
1041984 243 
520506 729 
519048 729 
258066 2187 
2083968 81 
8349696 9 
8331264 9 
4165614 27 
4165560 27 
2082753 81 
2082672 81 
1041255 243 
4165344 27 
4164480 27 
2082186 81 
1041012 243 
2082024 81 
2081376 81 
1040526 243 
1040040 243 
519777 729 
519048 729 
258066 2187 
4161024 27 
2080485 81 
2080404 81 
1040040 243 
519777 729 
2080080 81 
2078784 81 
1039311 243 
1039068 243 
519048 729 
1038096 243 
2073600 81 
1036638 243 
1036152 243 
517590 729 
258066 2187 
1034208 243 
516861 729 
516132 729 
513216 729 
255879 2187 
253692 2187 
124659 6561 
1026432 243 
4147200 27 
8257536 9 
4128759 27 
4128732 27 
4128624 27 
2064285 81 
2064204 81 
1032021 243 
4128192 27 
2064042 81 
2063880 81 
1031778 243 
2063232 81 
1031535 243 
1031292 243 
515403 729 
1030320 243 
514674 729 
513216 729 
255879 2187 
253692 2187 
124659 6561 
4126464 27 
4119552 27 
2059749 81 
2059668 81 
2059344 81 
1029591 243 
1029348 243 
2058048 81 
1028862 243 
1028376 243 
513945 729 
513216 729 
255879 2187 
1026432 243 
2052864 81 
4091904 27 
2045898 81 
2045736 81 
1022787 243 
1022544 243 
511029 729 
2045088 81 
2042496 81 
1021086 243 
510300 729 
1020600 243 
1018656 243 
508842 729 
253692 2187 
507384 729 
2032128 81 
1015983 243 
1015740 243 
507384 729 
1014768 243 
1010880 243 
505197 729 
504468 729 
251505 2187 
501552 729 
249318 2187 
244944 2187 
118098 6561 
995328 243 
497178 729 
495720 729 
247131 2187 
244944 2187 
118098 6561 
489888 729 
466560 729 
231822 2187 
227448 2187 
111537 6561 
104976 6561 
39366 19683 
209952 2187 
1990656 81 
3981312 27 
16515072 3 
15728640 3 
7864317 9 
7864308 9 
3932145 27 
7864272 9 
3932118 27 
1966032 81 
3932064 27 
7864128 9 
7863552 9 
3931767 27 
3931740 27 
3931632 27 
1965789 81 
1965708 81 
982692 243 
3931200 27 
1965546 81 
982692 243 
1965384 81 
1964736 81 
982206 243 
981720 243 
490617 729 
489888 729 
7861248 9 
3930606 27 
3930552 27 
1965222 81 
3930336 27 
1965141 81 
1965060 81 
982449 243 
1964736 81 
982206 243 
981720 243 
490617 729 
489888 729 
3929472 27 
3926016 27 
1962954 81 
1962792 81 
981234 243 
1962144 81 
980991 243 
980748 243 
489888 729 
979776 243 
1959552 81 
7852032 9 
7815168 9 
3907575 27 
3907548 27 
1953720 81 
3907440 27 
3907008 27 
1953477 81 
1953396 81 
976617 243 
1953072 81 
976374 243 
975888 243 
487701 729 
486972 729 
242757 2187 
3905280 27 
1952586 81 
1952424 81 
976131 243 
975888 243 
487701 729 
1951776 81 
1949184 81 
974430 243 
486972 729 
973944 243 
972000 243 
485514 729 
484056 729 
240570 2187 
118098 6561 
3898368 27 
3870720 27 
1935333 81 
1935252 81 
1934928 81 
967383 243 
967140 243 
483327 729 
1933632 81 
966654 243 
966168 243 
482598 729 
240570 2187 
964224 243 
481869 729 
481140 729 
478224 729 
238383 2187 
236196 2187 
1928448 81 
1907712 81 
953775 243 
953532 243 
952560 243 
476037 729 
475308 729 
236196 2187 
948672 243 
473850 729 
236196 2187 
472392 729 
466560 729 
231822 2187 
227448 2187 
111537 6561 
104976 6561 
39366 19683 
933120 243 
7667712 9 
3833838 27 
3833784 27 
1916865 81 
1916784 81 
3833568 27 
3832704 27 
1916298 81 
1916136 81 
957906 243 
1915488 81 
957663 243 
957420 243 
478224 729 
238383 2187 
956448 243 
3829248 27 
1914597 81 
1914516 81 
957177 243 
1914192 81 
956934 243 
478224 729 
956448 243 
1912896 81 
1907712 81 
953775 243 
953532 243 
952560 243 
476037 729 
475308 729 
236196 2187 
948672 243 
473850 729 
236196 2187 
472392 729 
466560 729 
231822 2187 
227448 2187 
111537 6561 
104976 6561 
39366 19683 
3815424 27 
3760128 27 
1880010 81 
939924 243 
1879848 81 
1879200 81 
939438 243 
469476 729 
938952 243 
1876608 81 
938223 243 
937980 243 
468747 729 
937008 243 
468018 729 
466560 729 
231822 2187 
933120 243 
1866240 81 
1824768 81 
912222 243 
911736 243 
455625 729 
454896 729 
909792 243 
902016 243 
450522 729 
449064 729 
223074 2187 
443232 729 
220887 2187 
218700 2187 
104976 6561 
209952 2187 
870912 243 
435213 729 
434484 729 
216513 2187 
431568 729 
214326 2187 
104976 6561 
209952 2187 
419904 729 
373248 729 
185895 2187 
183708 2187 
174960 2187 
85293 6561 
78732 6561 
139968 2187 
65610 6561 
52488 6561 
19683 19683 
3538944 27 
1769445 81 
1769364 81 
884520 243 
1769040 81 
1767744 81 
883791 243 
883548 243 
882576 243 
441045 729 
440316 729 
218700 2187 
1762560 81 
881118 243 
440316 729 
880632 243 
878688 243 
438858 729 
218700 2187 
437400 729 
870912 243 
435213 729 
434484 729 
216513 2187 
431568 729 
214326 2187 
104976 6561 
209952 2187 
419904 729 
1741824 81 
1658880 81 
829359 243 
829116 243 
414072 729 
828144 243 
824256 243 
411885 729 
411156 729 
408240 729 
203391 2187 
201204 2187 
98415 6561 
808704 243 
403866 729 
201204 2187 
402408 729 
396576 729 
196830 2187 
192456 2187 
91854 6561 
39366 19683 
373248 729 
185895 2187 
183708 2187 
174960 2187 
85293 6561 
78732 6561 
139968 2187 
65610 6561 
52488 6561 
19683 19683 
746496 243 
1327104 81 
663390 243 
662904 243 
330966 729 
660960 243 
330237 729 
329508 729 
164025 2187 
326592 729 
161838 2187 
78732 6561 
157464 2187 
653184 243 
622080 243 
310554 729 
309096 729 
153090 2187 
303264 729 
150903 2187 
148716 2187 
72171 6561 
139968 2187 
65610 6561 
52488 6561 
19683 19683 
279936 729 
497664 243 
248589 729 
247860 729 
122472 2187 
59049 6561 
244944 729 
233280 729 
115911 2187 
113724 2187 
52488 6561 
19683 19683 
104976 2187 
186624 729 
91854 2187 
87480 2187 
39366 6561 
69984 2187 
32805 6561 
26244 6561 
7077888 9 
12582912 3 
6291450 9 
3145716 27 
6291432 9 
6291360 9 
3145662 27 
3145608 27 
1572777 81 
1572696 81 
6291072 9 
3145527 27 
3145500 27 
1572696 81 
3145392 27 
3144960 27 
1572453 81 
1572372 81 
786105 243 
1572048 81 
785862 243 
785376 243 
392202 729 
6289920 9 
6285312 9 
3142638 27 
3142584 27 
1571238 81 
3142368 27 
1571157 81 
1571076 81 
785376 243 
1570752 81 
3141504 27 
3138048 27 
1568970 81 
784404 243 
1568808 81 
1568160 81 
783918 243 
783432 243 
391473 729 
390744 729 
194643 2187 
1565568 81 
782703 243 
782460 243 
390744 729 
194643 2187 
781488 243 
777600 243 
388557 729 
387828 729 
192456 2187 
384912 729 
6266880 9 
3133431 27 
3133404 27 
3133296 27 
1566621 81 
1566540 81 
783189 243 
3132864 27 
1566378 81 
1566216 81 
782946 243 
1565568 81 
782703 243 
782460 243 
390744 729 
194643 2187 
781488 243 
3131136 27 
3124224 27 
1562085 81 
1562004 81 
1561680 81 
780759 243 
780516 243 
390015 729 
1560384 81 
780030 243 
779544 243 
389286 729 
777600 243 
388557 729 
387828 729 
192456 2187 
384912 729 
1555200 81 
3096576 27 
1548234 81 
1548072 81 
773955 243 
773712 243 
386370 729 
192456 2187 
1547424 81 
1544832 81 
772254 243 
771768 243 
385641 729 
384912 729 
769824 243 
1534464 81 
767151 243 
766908 243 
765936 243 
382725 729 
381996 729 
190269 2187 
762048 243 
380538 729 
379080 729 
188082 2187 
91854 6561 
373248 729 
185895 2187 
183708 2187 
174960 2187 
85293 6561 
78732 6561 
746496 243 
1492992 81 
6193152 9 
5898240 9 
2949102 27 
1474524 81 
2949048 27 
2948832 27 
1474362 81 
1474200 81 
737019 243 
736776 243 
368145 729 
2947968 27 
1473957 81 
1473876 81 
736776 243 
368145 729 
1473552 81 
1472256 81 
736047 243 
735804 243 
367416 729 
734832 243 
2944512 27 
2930688 27 
1465290 81 
1465128 81 
732402 243 
365958 729 
1464480 81 
732159 243 
731916 243 
730944 243 
365229 729 
364500 729 
181521 2187 
1461888 81 
1451520 81 
725598 243 
725112 243 
362313 729 
361584 729 
179334 2187 
723168 243 
715392 243 
357210 729 
355752 729 
177147 2187 
174960 2187 
85293 6561 
349920 729 
2875392 27 
1437669 81 
1437588 81 
1437264 81 
718551 243 
718308 243 
358668 729 
1435968 81 
717822 243 
358668 729 
717336 243 
715392 243 
357210 729 
355752 729 
177147 2187 
174960 2187 
85293 6561 
1430784 81 
1410048 81 
704943 243 
704700 243 
352107 729 
703728 243 
351378 729 
174960 2187 
349920 729 
699840 243 
684288 243 
341901 729 
341172 729 
338256 729 
168399 2187 
166212 2187 
78732 6561 
326592 729 
161838 2187 
78732 6561 
157464 2187 
139968 2187 
65610 6561 
52488 6561 
19683 19683 
1327104 81 
663390 243 
662904 243 
330966 729 
660960 243 
330237 729 
329508 729 
164025 2187 
326592 729 
161838 2187 
78732 6561 
157464 2187 
653184 243 
622080 243 
310554 729 
309096 729 
153090 2187 
303264 729 
150903 2187 
148716 2187 
72171 6561 
139968 2187 
65610 6561 
52488 6561 
19683 19683 
279936 729 
497664 243 
248589 729 
247860 729 
122472 2187 
59049 6561 
244944 729 
233280 729 
115911 2187 
113724 2187 
52488 6561 
19683 19683 
104976 2187 
186624 729 
91854 2187 
87480 2187 
39366 6561 
69984 2187 
32805 6561 
26244 6561 
2654208 27 
4718592 9 
2359287 27 
2359260 27 
1179603 81 
2359152 27 
1179522 81 
1179360 81 
589518 243 
294516 729 
2358720 27 
2356992 27 
1178469 81 
1178388 81 
589032 243 
1178064 81 
1176768 81 
588303 243 
588060 243 
293787 729 
587088 243 
293058 729 
291600 729 
144342 2187 
2350080 27 
1174986 81 
1174824 81 
587331 243 
587088 243 
293058 729 
1174176 81 
1171584 81 
585630 243 
585144 243 
292329 729 
291600 729 
144342 2187 
583200 243 
1161216 81 
580527 243 
580284 243 
579312 243 
289413 729 
288684 729 
575424 243 
287226 729 
285768 729 
142155 2187 
139968 2187 
65610 6561 
279936 729 
559872 243 
2322432 27 
2211840 27 
1105893 81 
1105812 81 
552825 243 
1105488 81 
552582 243 
552096 243 
275562 729 
1104192 81 
1099008 81 
549423 243 
549180 243 
274104 729 
548208 243 
544320 243 
271917 729 
271188 729 
268272 729 
133407 2187 
131220 2187 
1078272 81 
538974 243 
538488 243 
269001 729 
268272 729 
133407 2187 
536544 243 
528768 243 
263898 729 
131220 2187 
262440 729 
256608 729 
126846 2187 
122472 2187 
59049 6561 
52488 6561 
19683 19683 
497664 243 
248589 729 
247860 729 
122472 2187 
59049 6561 
244944 729 
233280 729 
115911 2187 
113724 2187 
52488 6561 
19683 19683 
104976 2187 
186624 729 
91854 2187 
87480 2187 
39366 6561 
69984 2187 
32805 6561 
26244 6561 
995328 81 
1769472 27 
884682 81 
442260 243 
884520 81 
883872 81 
441774 243 
441288 243 
220158 729 
109350 2187 
881280 81 
440559 243 
440316 243 
439344 243 
219429 729 
218700 729 
435456 243 
217242 729 
215784 729 
107163 2187 
104976 2187 
209952 729 
870912 81 
829440 81 
414558 243 
207036 729 
414072 243 
412128 243 
205578 729 
204120 729 
100602 2187 
404352 243 
201933 729 
201204 729 
198288 729 
98415 2187 
96228 2187 
45927 6561 
186624 729 
91854 2187 
87480 2187 
39366 6561 
69984 2187 
32805 6561 
26244 6561 
373248 243 
663552 81 
331695 243 
331452 243 
165483 729 
330480 243 
164754 729 
163296 729 
80919 2187 
78732 2187 
326592 243 
311040 243 
155277 729 
154548 729 
76545 2187 
151632 729 
74358 2187 
69984 2187 
32805 6561 
26244 6561 
139968 729 
248832 243 
123930 729 
61236 2187 
122472 729 
116640 729 
56862 2187 
26244 6561 
52488 2187 
93312 729 
45927 2187 
43740 2187 
19683 6561 
34992 2187 
13122 6561 
