67108864 1 
33554430 3 
33554424 3 
16777206 9 
33554400 3 
16777197 9 
16777188 9 
8388576 27 
4194261 81 
16777152 9 
33554304 3 
33553920 3 
16776954 9 
8388468 27 
16776936 9 
16776864 9 
8388414 27 
4194180 81 
8388360 27 
16776576 9 
8388279 27 
8388252 27 
4194099 81 
8388144 27 
4194018 81 
4193856 81 
2096847 243 
2096604 243 
8387712 27 
33552384 3 
16776189 9 
16776180 9 
16776144 9 
8388063 27 
8388036 27 
16776000 9 
8387982 27 
8387928 27 
4193937 81 
4193856 81 
2096847 243 
8387712 27 
16775424 9 
16773120 9 
8386551 27 
8386524 27 
4193208 81 
8386416 27 
8385984 27 
4192965 81 
4192884 81 
2096361 243 
4192560 81 
2096118 243 
2095632 243 
1047573 729 
1046844 729 
522693 2187 
8384256 27 
4192074 81 
4191912 81 
2095875 243 
2095632 243 
1047573 729 
4191264 81 
4188672 81 
2094174 243 
1046844 729 
2093688 243 
2091744 243 
1045386 729 
1043928 729 
520506 2187 
33546240 3 
33521664 3 
16760826 9 
16760808 9 
8380395 27 
8380368 27 
4190130 81 
16760736 9 
16760448 9 
8380206 27 
8380152 27 
4190049 81 
4189968 81 
2094903 243 
8379936 27 
16759296 9 
8379639 27 
8379612 27 
8379504 27 
4189725 81 
4189644 81 
2094660 243 
8379072 27 
4189482 81 
2094660 243 
4189320 81 
4188672 81 
2094174 243 
1046844 729 
2093688 243 
8377344 27 
16754688 9 
16736256 9 
8368110 27 
8368056 27 
4183974 81 
8367840 27 
4183893 81 
4183812 81 
2091744 243 
4183488 81 
8366976 27 
8363520 27 
4181706 81 
2090772 243 
4181544 81 
4180896 81 
2090286 243 
2089800 243 
1044657 729 
1043928 729 
520506 2187 
4178304 81 
2089071 243 
2088828 243 
1043928 729 
2087856 243 
2083968 243 
1041741 729 
1041012 729 
1038096 729 
518319 2187 
516132 2187 
255879 6561 
8349696 27 
4174821 81 
4174740 81 
4174416 81 
2087127 243 
2086884 243 
1043199 729 
4173120 81 
2086398 243 
2085912 243 
1042470 729 
520506 2187 
2083968 243 
1041741 729 
1041012 729 
1038096 729 
518319 2187 
516132 2187 
255879 6561 
4167936 81 
4147200 81 
2073519 243 
2073276 243 
2072304 243 
1035909 729 
1035180 729 
516132 2187 
255879 6561 
2068416 243 
1033722 729 
516132 2187 
1032264 729 
1026432 729 
511758 2187 
507384 2187 
249318 6561 
118098 19683 
2052864 243 
33423360 3 
16711677 9 
16711668 9 
8355825 27 
16711632 9 
8355798 27 
8355744 27 
4177818 81 
2088828 243 
16711488 9 
16710912 9 
8355447 27 
8355420 27 
4177656 81 
8355312 27 
8354880 27 
4177413 81 
4177332 81 
2088585 243 
4177008 81 
2088342 243 
1043928 729 
2087856 243 
16708608 9 
8354286 27 
8354232 27 
4177089 81 
4177008 81 
2088342 243 
1043928 729 
8354016 27 
8353152 27 
4176522 81 
4176360 81 
2088099 243 
2087856 243 
4175712 81 
8349696 27 
4174821 81 
4174740 81 
4174416 81 
2087127 243 
2086884 243 
1043199 729 
4173120 81 
2086398 243 
2085912 243 
1042470 729 
520506 2187 
2083968 243 
1041741 729 
1041012 729 
1038096 729 
518319 2187 
516132 2187 
255879 6561 
4167936 81 
16699392 9 
16662528 9 
8331255 27 
8331228 27 
4165587 81 
8331120 27 
4165506 81 
4165344 81 
2082510 243 
1041012 729 
8330688 27 
8328960 27 
4164453 81 
4164372 81 
2082024 243 
4164048 81 
4162752 81 
2081295 243 
2081052 243 
1040283 729 
2080080 243 
1039554 729 
1038096 729 
518319 2187 
516132 2187 
255879 6561 
8322048 27 
4160970 81 
4160808 81 
2080323 243 
2080080 243 
1039554 729 
4160160 81 
4157568 81 
2078622 243 
2078136 243 
1038825 729 
1038096 729 
518319 2187 
2076192 243 
4147200 81 
2073519 243 
2073276 243 
2072304 243 
1035909 729 
1035180 729 
516132 2187 
255879 6561 
2068416 243 
1033722 729 
516132 2187 
1032264 729 
1026432 729 
511758 2187 
507384 2187 
249318 6561 
118098 19683 
2052864 243 
8294400 27 
16515072 9 
8257518 27 
4128732 81 
8257464 27 
8257248 27 
4128570 81 
4128408 81 
2064042 243 
8256384 27 
4128165 81 
4128084 81 
4127760 81 
2063799 243 
2063556 243 
1031535 729 
4126464 81 
2063070 243 
2062584 243 
1030806 729 
2060640 243 
1030077 729 
1029348 729 
513945 2187 
1026432 729 
511758 2187 
507384 2187 
249318 6561 
118098 19683 
8252928 27 
8239104 27 
4119498 81 
2059668 243 
4119336 81 
4118688 81 
2059182 243 
1029348 729 
2058696 243 
4116096 81 
2057967 243 
2057724 243 
1028619 729 
2056752 243 
1027890 729 
1026432 729 
511758 2187 
2052864 243 
4105728 81 
8183808 27 
4091877 81 
4091796 81 
2045817 243 
4091472 81 
2045574 243 
2045088 243 
1022058 729 
4090176 81 
4084992 81 
2042415 243 
2042172 243 
1020600 729 
509571 2187 
2041200 243 
2037312 243 
1018413 729 
1017684 729 
507384 2187 
1014768 729 
4064256 81 
2031966 243 
2031480 243 
1015497 729 
1014768 729 
2029536 243 
2021760 243 
1010394 729 
1008936 729 
503010 2187 
249318 6561 
1003104 729 
500823 2187 
498636 2187 
489888 2187 
242757 6561 
236196 6561 
1990656 243 
995085 729 
994356 729 
496449 2187 
991440 729 
494262 2187 
489888 2187 
242757 6561 
236196 6561 
979776 729 
933120 729 
465831 2187 
463644 2187 
229635 6561 
454896 2187 
223074 6561 
209952 6561 
98415 19683 
78732 19683 
419904 2187 
3981312 81 
7962624 27 
33030144 3 
31457280 3 
15728634 9 
15728616 9 
7864290 27 
15728544 9 
7864263 27 
7864236 27 
3932064 81 
7864128 27 
15728256 9 
15727104 9 
7863534 27 
3931740 81 
7863480 27 
7863264 27 
3931578 81 
3931416 81 
1965627 243 
1965384 243 
7862400 27 
3931173 81 
3931092 81 
1965384 243 
3930768 81 
3929472 81 
1964655 243 
1964412 243 
981963 729 
1963440 243 
981234 729 
489888 2187 
979776 729 
15722496 9 
7861239 27 
7861212 27 
7861104 27 
3930525 81 
3930444 81 
1965141 243 
7860672 27 
3930282 81 
3930120 81 
1964898 243 
3929472 81 
1964655 243 
1964412 243 
981963 729 
1963440 243 
981234 729 
489888 2187 
979776 729 
7858944 27 
7852032 27 
3925989 81 
3925908 81 
3925584 81 
1962711 243 
1962468 243 
3924288 81 
1961982 243 
1961496 243 
980505 729 
979776 729 
1959552 243 
3919104 81 
15704064 9 
15630336 9 
7815150 27 
7815096 27 
3907521 81 
3907440 81 
7814880 27 
7814016 27 
3906954 81 
3906792 81 
1953234 243 
3906144 81 
1952991 243 
1952748 243 
976131 729 
1951776 243 
975402 729 
973944 729 
485514 2187 
7810560 27 
3905253 81 
3905172 81 
1952505 243 
3904848 81 
1952262 243 
1951776 243 
975402 729 
3903552 81 
3898368 81 
1949103 243 
1948860 243 
973944 729 
1947888 243 
1944000 243 
971757 729 
971028 729 
968112 729 
483327 2187 
481140 2187 
236196 6561 
7796736 27 
7741440 27 
3870666 81 
1935252 243 
3870504 81 
3869856 81 
1934766 243 
1934280 243 
966654 729 
3867264 81 
1933551 243 
1933308 243 
1932336 243 
965925 729 
965196 729 
481140 2187 
1928448 243 
963738 729 
481140 2187 
962280 729 
956448 729 
476766 2187 
236196 6561 
472392 2187 
3856896 81 
3815424 81 
1907550 243 
953532 729 
1907064 243 
1905120 243 
952074 729 
950616 729 
474579 2187 
472392 2187 
1897344 243 
948429 729 
947700 729 
472392 2187 
944784 729 
933120 729 
465831 2187 
463644 2187 
229635 6561 
454896 2187 
223074 6561 
209952 6561 
98415 19683 
78732 19683 
1866240 243 
15335424 9 
7667703 27 
7667676 27 
3833811 81 
7667568 27 
3833730 81 
1916784 243 
3833568 81 
7667136 27 
7665408 27 
3832677 81 
3832596 81 
3832272 81 
1916055 243 
1915812 243 
3830976 81 
1915326 243 
1914840 243 
957177 729 
956448 729 
476766 2187 
236196 6561 
1912896 243 
7658496 27 
3829194 81 
3829032 81 
1914354 243 
3828384 81 
1914111 243 
1913868 243 
956448 729 
1912896 243 
3825792 81 
3815424 81 
1907550 243 
953532 729 
1907064 243 
1905120 243 
952074 729 
950616 729 
474579 2187 
472392 2187 
1897344 243 
948429 729 
947700 729 
472392 2187 
944784 729 
933120 729 
465831 2187 
463644 2187 
229635 6561 
454896 2187 
223074 6561 
209952 6561 
98415 19683 
78732 19683 
7630848 27 
7520256 27 
3760101 81 
3760020 81 
1879848 243 
939681 729 
3759696 81 
3758400 81 
1879119 243 
1878876 243 
938952 729 
1877904 243 
3753216 81 
1876446 243 
1875960 243 
937494 729 
468018 2187 
1874016 243 
936765 729 
936036 729 
933120 729 
465831 2187 
463644 2187 
229635 6561 
1866240 243 
3732480 81 
3649536 81 
1824687 243 
1824444 243 
911979 729 
1823472 243 
911250 729 
454896 2187 
909792 729 
1819584 243 
1804032 243 
901773 729 
901044 729 
898128 729 
448335 2187 
446148 2187 
886464 729 
441774 2187 
437400 2187 
216513 6561 
209952 6561 
98415 19683 
419904 2187 
1741824 243 
870426 729 
868968 729 
433026 2187 
863136 729 
430839 2187 
428652 2187 
209952 6561 
98415 19683 
419904 2187 
839808 729 
746496 729 
371790 2187 
183708 6561 
367416 2187 
349920 2187 
170586 6561 
78732 19683 
157464 6561 
279936 2187 
137781 6561 
131220 6561 
59049 19683 
104976 6561 
39366 19683 
7077888 27 
3538890 81 
3538728 81 
1769283 243 
1769040 243 
884277 729 
3538080 81 
3535488 81 
1767582 243 
883548 729 
1767096 243 
1765152 243 
882090 729 
880632 729 
439587 2187 
437400 2187 
216513 6561 
3525120 81 
1762479 243 
1762236 243 
880632 729 
439587 2187 
1761264 243 
1757376 243 
878445 729 
877716 729 
437400 2187 
216513 6561 
874800 729 
1741824 243 
870426 729 
868968 729 
433026 2187 
863136 729 
430839 2187 
428652 2187 
209952 6561 
98415 19683 
419904 2187 
839808 729 
3483648 81 
3317760 81 
1658718 243 
1658232 243 
828873 729 
828144 729 
413343 2187 
1656288 243 
1648512 243 
823770 729 
411156 2187 
822312 729 
816480 729 
406782 2187 
402408 2187 
196830 6561 
1617408 243 
808461 729 
807732 729 
402408 2187 
804816 729 
793152 729 
395847 2187 
393660 2187 
384912 2187 
190269 6561 
183708 6561 
78732 19683 
746496 729 
371790 2187 
183708 6561 
367416 2187 
349920 2187 
170586 6561 
78732 19683 
157464 6561 
279936 2187 
137781 6561 
131220 6561 
59049 19683 
104976 6561 
39366 19683 
1492992 243 
2654208 81 
1327023 243 
1326780 243 
1325808 243 
662661 729 
661932 729 
330237 2187 
1321920 243 
660474 729 
659016 729 
328050 2187 
653184 729 
325863 2187 
323676 2187 
157464 6561 
314928 2187 
1306368 243 
1244160 243 
621837 729 
621108 729 
618192 729 
308367 2187 
306180 2187 
150903 6561 
606528 729 
301806 2187 
297432 2187 
144342 6561 
279936 2187 
137781 6561 
131220 6561 
59049 19683 
104976 6561 
39366 19683 
559872 729 
995328 243 
497178 729 
495720 729 
247131 2187 
244944 2187 
118098 6561 
489888 729 
466560 729 
231822 2187 
227448 2187 
111537 6561 
104976 6561 
39366 19683 
209952 2187 
373248 729 
185895 2187 
183708 2187 
174960 2187 
85293 6561 
78732 6561 
139968 2187 
65610 6561 
52488 6561 
19683 19683 
14155776 9 
25165824 3 
12582909 9 
12582900 9 
6291432 27 
12582864 9 
12582720 9 
6291351 27 
6291324 27 
3145635 81 
6291216 27 
3145554 81 
1572696 243 
3145392 81 
12582144 9 
6291054 27 
6291000 27 
3145473 81 
3145392 81 
6290784 27 
6289920 27 
3144906 81 
3144744 81 
1572210 243 
785862 729 
3144096 81 
1571967 243 
1571724 243 
1570752 243 
785133 729 
784404 729 
391473 2187 
12579840 9 
12570624 9 
6285303 27 
6285276 27 
6285168 27 
3142557 81 
3142476 81 
6284736 27 
3142314 81 
3142152 81 
1570995 243 
1570752 243 
785133 729 
3141504 81 
6283008 27 
6276096 27 
3138021 81 
3137940 81 
1568808 243 
3137616 81 
3136320 81 
1568079 243 
1567836 243 
783675 729 
1566864 243 
782946 729 
781488 729 
389286 2187 
3131136 81 
1565406 243 
1564920 243 
782217 729 
781488 729 
389286 2187 
1562976 243 
1555200 243 
777114 729 
775656 729 
387099 2187 
384912 2187 
190269 6561 
769824 729 
12533760 9 
6266862 27 
3133404 81 
6266808 27 
6266592 27 
3133242 81 
3133080 81 
1566378 243 
782946 729 
6265728 27 
3132837 81 
3132756 81 
3132432 81 
1566135 243 
1565892 243 
3131136 81 
1565406 243 
1564920 243 
782217 729 
781488 729 
389286 2187 
1562976 243 
6262272 27 
6248448 27 
3124170 81 
1562004 243 
3124008 81 
3123360 81 
1561518 243 
1561032 243 
780030 729 
389286 2187 
3120768 81 
1560303 243 
1560060 243 
1559088 243 
779301 729 
778572 729 
1555200 243 
777114 729 
775656 729 
387099 2187 
384912 2187 
190269 6561 
769824 729 
3110400 81 
6193152 27 
3096549 81 
3096468 81 
1548153 243 
3096144 81 
1547910 243 
1547424 243 
773469 729 
772740 729 
384912 2187 
190269 6561 
3094848 81 
3089664 81 
1544751 243 
1544508 243 
772011 729 
1543536 243 
771282 729 
384912 2187 
769824 729 
1539648 243 
3068928 81 
1534302 243 
766908 729 
1533816 243 
1531872 243 
765450 729 
763992 729 
380538 2187 
1524096 243 
761805 729 
761076 729 
758160 729 
378351 2187 
376164 2187 
183708 6561 
746496 729 
371790 2187 
183708 6561 
367416 2187 
349920 2187 
170586 6561 
78732 19683 
157464 6561 
1492992 243 
2985984 81 
12386304 9 
11796480 9 
5898231 27 
5898204 27 
2949048 81 
5898096 27 
5897664 27 
2948805 81 
2948724 81 
1474281 243 
2948400 81 
1474038 243 
1473552 243 
736290 729 
367416 2187 
5895936 27 
2947914 81 
2947752 81 
1473795 243 
1473552 243 
736290 729 
367416 2187 
2947104 81 
2944512 81 
1472094 243 
1471608 243 
735561 729 
734832 729 
1469664 243 
5889024 27 
5861376 27 
2930661 81 
2930580 81 
2930256 81 
1465047 243 
1464804 243 
731916 729 
365229 2187 
2928960 81 
1464318 243 
731916 729 
1463832 243 
1461888 243 
730458 729 
729000 729 
363042 2187 
2923776 81 
2903040 81 
1451439 243 
1451196 243 
725355 729 
1450224 243 
724626 729 
723168 729 
360855 2187 
358668 2187 
177147 6561 
1446336 243 
1430784 243 
715149 729 
714420 729 
356481 2187 
711504 729 
354294 2187 
349920 2187 
170586 6561 
78732 19683 
699840 729 
5750784 27 
2875338 81 
1437588 243 
2875176 81 
2874528 81 
1437102 243 
1436616 243 
718065 729 
717336 729 
2871936 81 
1435887 243 
1435644 243 
717336 729 
1434672 243 
1430784 243 
715149 729 
714420 729 
356481 2187 
711504 729 
354294 2187 
349920 2187 
170586 6561 
78732 19683 
2861568 81 
2820096 81 
1409886 243 
1409400 243 
704214 729 
1407456 243 
703485 729 
702756 729 
349920 2187 
699840 729 
1399680 243 
1368576 243 
683802 729 
341172 2187 
682344 729 
676512 729 
336798 2187 
332424 2187 
164025 6561 
157464 6561 
653184 729 
325863 2187 
323676 2187 
157464 6561 
314928 2187 
279936 2187 
137781 6561 
131220 6561 
59049 19683 
104976 6561 
39366 19683 
2654208 81 
1327023 243 
1326780 243 
1325808 243 
662661 729 
661932 729 
330237 2187 
1321920 243 
660474 729 
659016 729 
328050 2187 
653184 729 
325863 2187 
323676 2187 
157464 6561 
314928 2187 
1306368 243 
1244160 243 
621837 729 
621108 729 
618192 729 
308367 2187 
306180 2187 
150903 6561 
606528 729 
301806 2187 
297432 2187 
144342 6561 
279936 2187 
137781 6561 
131220 6561 
59049 19683 
104976 6561 
39366 19683 
559872 729 
995328 243 
497178 729 
495720 729 
247131 2187 
244944 2187 
118098 6561 
489888 729 
466560 729 
231822 2187 
227448 2187 
111537 6561 
104976 6561 
39366 19683 
209952 2187 
373248 729 
185895 2187 
183708 2187 
174960 2187 
85293 6561 
78732 6561 
139968 2187 
65610 6561 
52488 6561 
19683 19683 
5308416 27 
9437184 9 
4718574 27 
4718520 27 
2359206 81 
1179522 243 
4718304 27 
2359125 81 
2359044 81 
2358720 81 
1179279 243 
1179036 243 
589032 729 
4717440 27 
4713984 27 
2356938 81 
2356776 81 
1178307 243 
1178064 243 
2356128 81 
2353536 81 
1176606 243 
1176120 243 
587574 729 
293058 2187 
1174176 243 
586845 729 
586116 729 
583200 729 
290871 2187 
288684 2187 
4700160 27 
2350053 81 
2349972 81 
1174905 243 
2349648 81 
1174662 243 
1174176 243 
586845 729 
586116 729 
2348352 81 
2343168 81 
1171503 243 
1171260 243 
585387 729 
1170288 243 
584658 729 
583200 729 
290871 2187 
288684 2187 
1166400 243 
2322432 81 
1161054 243 
580284 729 
1160568 243 
1158624 243 
578826 729 
288684 2187 
577368 729 
1150848 243 
575181 729 
574452 729 
286497 2187 
571536 729 
284310 2187 
279936 2187 
137781 6561 
131220 6561 
59049 19683 
559872 729 
1119744 243 
4644864 27 
4423680 27 
2211786 81 
2211624 81 
1105650 243 
552582 729 
2210976 81 
1105407 243 
1105164 243 
1104192 243 
551853 729 
551124 729 
2208384 81 
2198016 81 
1098846 243 
1098360 243 
548937 729 
548208 729 
273375 2187 
1096416 243 
1088640 243 
543834 729 
271188 2187 
542376 729 
536544 729 
266814 2187 
131220 6561 
262440 2187 
2156544 81 
1078191 243 
1077948 243 
538731 729 
1076976 243 
538002 729 
536544 729 
266814 2187 
131220 6561 
1073088 243 
1057536 243 
528525 729 
527796 729 
262440 2187 
524880 729 
513216 729 
255879 2187 
253692 2187 
124659 6561 
244944 2187 
118098 6561 
104976 6561 
39366 19683 
995328 243 
497178 729 
495720 729 
247131 2187 
244944 2187 
118098 6561 
489888 729 
466560 729 
231822 2187 
227448 2187 
111537 6561 
104976 6561 
39366 19683 
209952 2187 
373248 729 
185895 2187 
183708 2187 
174960 2187 
85293 6561 
78732 6561 
139968 2187 
65610 6561 
52488 6561 
19683 19683 
1990656 81 
3538944 27 
1769445 81 
1769364 81 
884520 243 
1769040 81 
1767744 81 
883791 243 
883548 243 
882576 243 
441045 729 
440316 729 
218700 2187 
1762560 81 
881118 243 
440316 729 
880632 243 
878688 243 
438858 729 
218700 2187 
437400 729 
870912 243 
435213 729 
434484 729 
216513 2187 
431568 729 
214326 2187 
104976 6561 
209952 2187 
419904 729 
1741824 81 
1658880 81 
829359 243 
829116 243 
414072 729 
828144 243 
824256 243 
411885 729 
411156 729 
408240 729 
203391 2187 
201204 2187 
98415 6561 
808704 243 
403866 729 
201204 2187 
402408 729 
396576 729 
196830 2187 
192456 2187 
91854 6561 
39366 19683 
373248 729 
185895 2187 
183708 2187 
174960 2187 
85293 6561 
78732 6561 
139968 2187 
65610 6561 
52488 6561 
19683 19683 
746496 243 
1327104 81 
663390 243 
662904 243 
330966 729 
660960 243 
330237 729 
329508 729 
164025 2187 
326592 729 
161838 2187 
78732 6561 
157464 2187 
653184 243 
622080 243 
310554 729 
309096 729 
153090 2187 
303264 729 
150903 2187 
148716 2187 
72171 6561 
139968 2187 
65610 6561 
52488 6561 
19683 19683 
279936 729 
497664 243 
248589 729 
247860 729 
122472 2187 
59049 6561 
244944 729 
233280 729 
115911 2187 
113724 2187 
52488 6561 
19683 19683 
104976 2187 
186624 729 
91854 2187 
87480 2187 
39366 6561 
69984 2187 
32805 6561 
26244 6561 
