134217728 1 
67108863 3 
67108860 3 
67108848 3 
33554421 9 
33554412 9 
67108800 3 
33554394 9 
33554376 9 
16777179 27 
16777152 27 
8388522 81 
4194180 243 
33554304 9 
67108608 3 
67107840 3 
33553917 9 
33553908 9 
16776936 27 
8388441 81 
33553872 9 
33553728 9 
16776855 27 
16776828 27 
8388360 81 
16776720 27 
33553152 9 
16776558 27 
16776504 27 
8388198 81 
16776288 27 
8388117 81 
8388036 81 
4193937 243 
8387712 81 
4193694 243 
2096604 729 
4193208 243 
16775424 27 
67104768 3 
33552378 9 
16776180 27 
33552360 9 
33552288 9 
16776126 27 
8388036 81 
16776072 27 
33552000 9 
16775991 27 
16775964 27 
8387955 81 
16775856 27 
8387874 81 
8387712 81 
4193694 243 
2096604 729 
16775424 27 
33550848 9 
33546240 9 
16773102 27 
16773048 27 
8386497 81 
8386416 81 
16772832 27 
16771968 27 
8385930 81 
8385768 81 
4192722 243 
8385120 81 
4192479 243 
4192236 243 
2095875 729 
4191264 243 
2095146 729 
2093688 729 
1045386 2187 
16768512 27 
8384229 81 
8384148 81 
4191993 243 
8383824 81 
4191750 243 
4191264 243 
2095146 729 
8382528 81 
8377344 81 
4188591 243 
4188348 243 
2093688 729 
4187376 243 
4183488 243 
2091501 729 
2090772 729 
2087856 729 
1043199 2187 
1041012 2187 
518319 6561 
67092480 3 
67043328 3 
33521661 9 
33521652 9 
16760817 27 
33521616 9 
16760790 27 
16760736 27 
8380341 81 
8380260 81 
4190049 243 
33521472 9 
33520896 9 
16760439 27 
16760412 27 
8380179 81 
16760304 27 
8380098 81 
8379936 81 
4189806 243 
16759872 27 
33518592 9 
16759278 27 
8379612 81 
16759224 27 
16759008 27 
8379450 81 
8379288 81 
4189563 243 
4189320 243 
2094417 729 
16758144 27 
8379045 81 
8378964 81 
4189320 243 
2094417 729 
8378640 81 
8377344 81 
4188591 243 
4188348 243 
2093688 729 
4187376 243 
16754688 27 
33509376 9 
33472512 9 
16736247 27 
16736220 27 
16736112 27 
8368029 81 
8367948 81 
16735680 27 
8367786 81 
8367624 81 
4183731 243 
4183488 243 
2091501 729 
8366976 81 
16733952 27 
16727040 27 
8363493 81 
8363412 81 
4181544 243 
8363088 81 
8361792 81 
4180815 243 
4180572 243 
2090043 729 
4179600 243 
2089314 729 
2087856 729 
1043199 2187 
1041012 2187 
518319 6561 
8356608 81 
4178142 243 
4177656 243 
2088585 729 
2087856 729 
1043199 2187 
4175712 243 
4167936 243 
2083482 729 
1041012 2187 
2082024 729 
2076192 729 
1036638 2187 
1032264 2187 
511758 6561 
16699392 27 
8349642 81 
4174740 243 
8349480 81 
8348832 81 
4174254 243 
4173768 243 
2086398 729 
8346240 81 
4173039 243 
4172796 243 
4171824 243 
2085669 729 
2084940 729 
1041012 2187 
518319 6561 
4167936 243 
2083482 729 
1041012 2187 
2082024 729 
2076192 729 
1036638 2187 
1032264 2187 
511758 6561 
8335872 81 
8294400 81 
4147038 243 
2073276 729 
4146552 243 
4144608 243 
2071818 729 
2070360 729 
1034451 2187 
1032264 2187 
511758 6561 
4136832 243 
2068173 729 
2067444 729 
1032264 2187 
2064528 729 
2052864 729 
1025703 2187 
1023516 2187 
1014768 2187 
505197 6561 
498636 6561 
236196 19683 
4105728 243 
66846720 3 
33423354 9 
33423336 9 
16711650 27 
8355798 81 
33423264 9 
16711623 27 
16711596 27 
16711488 27 
8355717 81 
8355636 81 
4177656 243 
2088585 729 
33422976 9 
33421824 9 
16710894 27 
16710840 27 
8355393 81 
8355312 81 
16710624 27 
16709760 27 
8354826 81 
8354664 81 
4177170 243 
8354016 81 
4176927 243 
4176684 243 
2087856 729 
1043199 2187 
4175712 243 
33417216 9 
16708599 27 
16708572 27 
8354259 81 
16708464 27 
8354178 81 
8354016 81 
4176927 243 
4176684 243 
2087856 729 
1043199 2187 
16708032 27 
16706304 27 
8353125 81 
8353044 81 
4176441 243 
8352720 81 
4176198 243 
2087856 729 
4175712 243 
8351424 81 
16699392 27 
8349642 81 
4174740 243 
8349480 81 
8348832 81 
4174254 243 
4173768 243 
2086398 729 
8346240 81 
4173039 243 
4172796 243 
4171824 243 
2085669 729 
2084940 729 
1041012 2187 
518319 6561 
4167936 243 
2083482 729 
1041012 2187 
2082024 729 
2076192 729 
1036638 2187 
1032264 2187 
511758 6561 
8335872 81 
33398784 9 
33325056 9 
16662510 27 
16662456 27 
8331174 81 
4165506 243 
16662240 27 
8331093 81 
8331012 81 
8330688 81 
4165263 243 
4165020 243 
2082024 729 
16661376 27 
16657920 27 
8328906 81 
8328744 81 
4164291 243 
4164048 243 
8328096 81 
8325504 81 
4162590 243 
4162104 243 
2080566 729 
4160160 243 
2079837 729 
2079108 729 
1038825 2187 
2076192 729 
1036638 2187 
1032264 2187 
511758 6561 
16644096 27 
8322021 81 
8321940 81 
4160889 243 
8321616 81 
4160646 243 
4160160 243 
2079837 729 
2079108 729 
1038825 2187 
8320320 81 
8315136 81 
4157487 243 
4157244 243 
2078379 729 
4156272 243 
2077650 729 
2076192 729 
1036638 2187 
4152384 243 
8294400 81 
4147038 243 
2073276 729 
4146552 243 
4144608 243 
2071818 729 
2070360 729 
1034451 2187 
1032264 2187 
511758 6561 
4136832 243 
2068173 729 
2067444 729 
1032264 2187 
2064528 729 
2052864 729 
1025703 2187 
1023516 2187 
1014768 2187 
505197 6561 
498636 6561 
236196 19683 
4105728 243 
16588800 27 
33030144 9 
16515063 27 
16515036 27 
8257464 81 
16514928 27 
16514496 27 
8257221 81 
8257140 81 
8256816 81 
4128327 243 
4128084 243 
2063799 729 
16512768 27 
8256330 81 
4128084 243 
8256168 81 
8255520 81 
4127598 243 
4127112 243 
2063070 729 
8252928 81 
4126383 243 
4126140 243 
4125168 243 
2062341 729 
2061612 729 
1030077 2187 
4121280 243 
2060154 729 
2058696 729 
1027890 2187 
511758 6561 
2052864 729 
1025703 2187 
1023516 2187 
1014768 2187 
505197 6561 
498636 6561 
236196 19683 
16505856 27 
16478208 27 
8239077 81 
8238996 81 
4119336 243 
2059425 729 
8238672 81 
8237376 81 
4118607 243 
4118364 243 
2058696 729 
4117392 243 
8232192 81 
4115934 243 
4115448 243 
2057238 729 
1027890 2187 
4113504 243 
2056509 729 
2055780 729 
2052864 729 
1025703 2187 
1023516 2187 
4105728 243 
8211456 81 
16367616 27 
8183754 81 
8183592 81 
4091634 243 
2045574 729 
8182944 81 
4091391 243 
4091148 243 
4090176 243 
2044845 729 
2044116 729 
1021329 2187 
8180352 81 
8169984 81 
4084830 243 
4084344 243 
2041929 729 
2041200 729 
1019142 2187 
4082400 243 
4074624 243 
2036826 729 
2035368 729 
1016955 2187 
1014768 2187 
505197 6561 
2029536 729 
8128512 81 
4064175 243 
4063932 243 
2031723 729 
4062960 243 
2030994 729 
1014768 2187 
2029536 729 
4059072 243 
4043520 243 
2021517 729 
2020788 729 
2017872 729 
1008207 2187 
1006020 2187 
498636 6561 
2006208 729 
1001646 2187 
498636 6561 
997272 2187 
979776 2187 
485514 6561 
236196 19683 
472392 6561 
3981312 243 
1990170 729 
1988712 729 
992898 2187 
1982880 729 
990711 2187 
988524 2187 
492075 6561 
979776 2187 
485514 6561 
236196 19683 
472392 6561 
1959552 729 
1866240 729 
931662 2187 
927288 2187 
459270 6561 
909792 2187 
452709 6561 
446148 6561 
216513 19683 
419904 6561 
196830 19683 
157464 19683 
59049 59049 
839808 2187 
7962624 81 
15925248 27 
66060288 3 
62914560 3 
31457277 9 
31457268 9 
31457232 9 
15728607 27 
15728580 27 
31457088 9 
15728526 27 
15728472 27 
7864209 81 
7864128 81 
3931983 243 
15728256 27 
31456512 9 
31454208 9 
15727095 27 
15727068 27 
7863480 81 
15726960 27 
15726528 27 
7863237 81 
7863156 81 
3931497 243 
7862832 81 
3931254 243 
1965384 729 
3930768 243 
15724800 27 
7862346 81 
7862184 81 
3931011 243 
3930768 243 
7861536 81 
7858944 81 
3929310 243 
3928824 243 
1963926 729 
3926880 243 
1963197 729 
1962468 729 
979776 2187 
1959552 729 
31444992 9 
15722478 27 
7861212 81 
15722424 27 
15722208 27 
7861050 81 
7860888 81 
3930282 243 
15721344 27 
7860645 81 
7860564 81 
7860240 81 
3930039 243 
3929796 243 
1964655 729 
7858944 81 
3929310 243 
3928824 243 
1963926 729 
3926880 243 
1963197 729 
1962468 729 
979776 2187 
1959552 729 
15717888 27 
15704064 27 
7851978 81 
3925908 243 
7851816 81 
7851168 81 
3925422 243 
1962468 729 
3924936 243 
7848576 81 
3924207 243 
3923964 243 
1961739 729 
3922992 243 
1961010 729 
979776 2187 
1959552 729 
3919104 243 
7838208 81 
31408128 9 
31260672 9 
15630327 27 
15630300 27 
7815123 81 
15630192 27 
7815042 81 
3907440 243 
7814880 81 
15629760 27 
15628032 27 
7813989 81 
7813908 81 
7813584 81 
3906711 243 
3906468 243 
1952991 729 
7812288 81 
3905982 243 
3905496 243 
1952262 729 
975402 2187 
3903552 243 
1951533 729 
1950804 729 
1947888 729 
973215 2187 
971028 2187 
15621120 27 
7810506 81 
7810344 81 
3905010 243 
1952262 729 
7809696 81 
3904767 243 
3904524 243 
3903552 243 
1951533 729 
1950804 729 
7807104 81 
7796736 81 
3898206 243 
3897720 243 
1948617 729 
1947888 729 
973215 2187 
3895776 243 
3888000 243 
1943514 729 
971028 2187 
1942056 729 
1936224 729 
966654 2187 
962280 2187 
478953 6561 
472392 6561 
15593472 27 
15482880 27 
7741413 81 
7741332 81 
3870504 243 
7741008 81 
7739712 81 
3869775 243 
3869532 243 
3868560 243 
1934037 729 
1933308 729 
7734528 81 
3867102 243 
1933308 729 
3866616 243 
3864672 243 
1931850 729 
1930392 729 
964467 2187 
962280 2187 
478953 6561 
3856896 243 
1928205 729 
1927476 729 
962280 2187 
478953 6561 
1924560 729 
1912896 729 
955719 2187 
953532 2187 
472392 6561 
944784 2187 
7713792 81 
7630848 81 
3815343 243 
3815100 243 
1907064 729 
3814128 243 
3810240 243 
1904877 729 
1904148 729 
951345 2187 
1901232 729 
949158 2187 
472392 6561 
944784 2187 
3794688 243 
1896858 729 
1895400 729 
946971 2187 
944784 2187 
1889568 729 
1866240 729 
931662 2187 
927288 2187 
459270 6561 
909792 2187 
452709 6561 
446148 6561 
216513 19683 
419904 6561 
196830 19683 
157464 19683 
59049 59049 
3732480 243 
30670848 9 
15335406 27 
15335352 27 
7667622 81 
15335136 27 
7667541 81 
7667460 81 
3833568 243 
1916541 729 
7667136 81 
15334272 27 
15330816 27 
7665354 81 
3832596 243 
7665192 81 
7664544 81 
3832110 243 
1915812 729 
3831624 243 
7661952 81 
3830895 243 
3830652 243 
1915083 729 
3829680 243 
1914354 729 
1912896 729 
955719 2187 
953532 2187 
472392 6561 
3825792 243 
15316992 27 
7658469 81 
7658388 81 
7658064 81 
3828951 243 
3828708 243 
7656768 81 
3828222 243 
3827736 243 
1913625 729 
1912896 729 
955719 2187 
3825792 243 
7651584 81 
7630848 81 
3815343 243 
3815100 243 
1907064 729 
3814128 243 
3810240 243 
1904877 729 
1904148 729 
951345 2187 
1901232 729 
949158 2187 
472392 6561 
944784 2187 
3794688 243 
1896858 729 
1895400 729 
946971 2187 
944784 2187 
1889568 729 
1866240 729 
931662 2187 
927288 2187 
459270 6561 
909792 2187 
452709 6561 
446148 6561 
216513 19683 
419904 6561 
196830 19683 
157464 19683 
59049 59049 
15261696 27 
15040512 27 
7520202 81 
7520040 81 
3759939 243 
3759696 243 
1879362 729 
7519392 81 
7516800 81 
3758238 243 
3757752 243 
1878633 729 
1877904 729 
938223 2187 
3755808 243 
7506432 81 
3753135 243 
3752892 243 
3751920 243 
1875717 729 
1874988 729 
936036 2187 
465831 6561 
3748032 243 
1873530 729 
936036 2187 
1872072 729 
1866240 729 
931662 2187 
927288 2187 
459270 6561 
3732480 243 
7464960 81 
7299072 81 
3649374 243 
3648888 243 
1823958 729 
3646944 243 
1823229 729 
1822500 729 
909792 2187 
452709 6561 
1819584 729 
3639168 243 
3608064 243 
1803546 729 
901044 2187 
1802088 729 
1796256 729 
896670 2187 
446148 6561 
892296 2187 
1772928 729 
885735 2187 
883548 2187 
439587 6561 
874800 2187 
433026 6561 
419904 6561 
196830 19683 
839808 2187 
3483648 243 
1741581 729 
1740852 729 
1737936 729 
868239 2187 
866052 2187 
1726272 729 
861678 2187 
857304 2187 
426465 6561 
419904 6561 
196830 19683 
839808 2187 
1679616 729 
1492992 729 
745767 2187 
743580 2187 
367416 6561 
177147 19683 
734832 2187 
699840 2187 
347733 6561 
341172 6561 
157464 19683 
59049 59049 
314928 6561 
559872 2187 
275562 6561 
262440 6561 
118098 19683 
209952 6561 
98415 19683 
78732 19683 
14155776 27 
7077861 81 
7077780 81 
3538809 243 
7077456 81 
3538566 243 
3538080 243 
1768554 729 
883548 2187 
7076160 81 
7070976 81 
3535407 243 
3535164 243 
1767096 729 
3534192 243 
3530304 243 
1764909 729 
1764180 729 
881361 2187 
1761264 729 
879174 2187 
874800 2187 
433026 6561 
7050240 81 
3524958 243 
3524472 243 
1761993 729 
1761264 729 
879174 2187 
3522528 243 
3514752 243 
1756890 729 
1755432 729 
876987 2187 
874800 2187 
433026 6561 
1749600 729 
3483648 243 
1741581 729 
1740852 729 
1737936 729 
868239 2187 
866052 2187 
1726272 729 
861678 2187 
857304 2187 
426465 6561 
419904 6561 
196830 19683 
839808 2187 
1679616 729 
6967296 81 
6635520 81 
3317679 243 
3317436 243 
1658475 729 
3316464 243 
1657746 729 
1656288 729 
826686 2187 
3312576 243 
3297024 243 
1648269 729 
1647540 729 
822312 2187 
1644624 729 
1632960 729 
815751 2187 
813564 2187 
804816 2187 
400221 6561 
393660 6561 
3234816 243 
1616922 729 
1615464 729 
807003 2187 
804816 2187 
400221 6561 
1609632 729 
1586304 729 
791694 2187 
393660 6561 
787320 2187 
769824 2187 
380538 6561 
367416 6561 
177147 19683 
157464 19683 
59049 59049 
1492992 729 
745767 2187 
743580 2187 
367416 6561 
177147 19683 
734832 2187 
699840 2187 
347733 6561 
341172 6561 
157464 19683 
59049 59049 
314928 6561 
559872 2187 
275562 6561 
262440 6561 
118098 19683 
209952 6561 
98415 19683 
78732 19683 
2985984 243 
5308416 81 
2654046 243 
1326780 729 
2653560 243 
2651616 243 
1325322 729 
1323864 729 
660474 2187 
328050 6561 
2643840 243 
1321677 729 
1320948 729 
1318032 729 
658287 2187 
656100 2187 
1306368 729 
651726 2187 
647352 2187 
321489 6561 
314928 6561 
629856 2187 
2612736 243 
2488320 243 
1243674 729 
621108 2187 
1242216 729 
1236384 729 
616734 2187 
612360 2187 
301806 6561 
1213056 729 
605799 2187 
603612 2187 
594864 2187 
295245 6561 
288684 6561 
137781 19683 
559872 2187 
275562 6561 
262440 6561 
118098 19683 
209952 6561 
98415 19683 
78732 19683 
1119744 729 
1990656 243 
995085 729 
994356 729 
496449 2187 
991440 729 
494262 2187 
489888 2187 
242757 6561 
236196 6561 
979776 729 
933120 729 
465831 2187 
463644 2187 
229635 6561 
454896 2187 
223074 6561 
209952 6561 
98415 19683 
78732 19683 
419904 2187 
746496 729 
371790 2187 
183708 6561 
367416 2187 
349920 2187 
170586 6561 
78732 19683 
157464 6561 
279936 2187 
137781 6561 
131220 6561 
59049 19683 
104976 6561 
39366 19683 
28311552 9 
50331648 3 
25165818 9 
25165800 9 
12582891 27 
12582864 27 
25165728 9 
25165440 9 
12582702 27 
12582648 27 
6291270 81 
12582432 27 
6291189 81 
6291108 81 
3145392 243 
1572453 729 
6290784 81 
25164288 9 
12582135 27 
12582108 27 
6291027 81 
12582000 27 
6290946 81 
3145392 243 
6290784 81 
12581568 27 
12579840 27 
6289893 81 
6289812 81 
6289488 81 
3144663 243 
3144420 243 
1571724 729 
785133 2187 
6288192 81 
3143934 243 
1571724 729 
3143448 243 
3141504 243 
1570266 729 
1568808 729 
782946 2187 
25159680 9 
25141248 9 
12570606 27 
6285276 81 
12570552 27 
12570336 27 
6285114 81 
3142476 243 
6284952 81 
12569472 27 
6284709 81 
6284628 81 
3142233 243 
6284304 81 
3141990 243 
3141504 243 
1570266 729 
6283008 81 
12566016 27 
12552192 27 
6276042 81 
6275880 81 
3137859 243 
3137616 243 
6275232 81 
6272640 81 
3136158 243 
3135672 243 
1567350 729 
782946 2187 
3133728 243 
1566621 729 
1565892 729 
1562976 729 
780759 2187 
778572 2187 
387099 6561 
6262272 81 
3131055 243 
3130812 243 
1565163 729 
3129840 243 
1564434 729 
1562976 729 
780759 2187 
778572 2187 
387099 6561 
3125952 243 
3110400 243 
1554957 729 
1554228 729 
776385 2187 
1551312 729 
774198 2187 
769824 2187 
380538 6561 
1539648 729 
25067520 9 
12533751 27 
12533724 27 
6266808 81 
12533616 27 
12533184 27 
6266565 81 
6266484 81 
6266160 81 
3132999 243 
3132756 243 
1565892 729 
12531456 27 
6265674 81 
3132756 243 
6265512 81 
6264864 81 
3132270 243 
1565892 729 
3131784 243 
6262272 81 
3131055 243 
3130812 243 
1565163 729 
3129840 243 
1564434 729 
1562976 729 
780759 2187 
778572 2187 
387099 6561 
3125952 243 
12524544 27 
12496896 27 
6248421 81 
6248340 81 
3124008 243 
6248016 81 
6246720 81 
3123279 243 
3123036 243 
3122064 243 
1560789 729 
1560060 729 
778572 2187 
387099 6561 
6241536 81 
3120606 243 
1560060 729 
3120120 243 
3118176 243 
1558602 729 
778572 2187 
1557144 729 
3110400 243 
1554957 729 
1554228 729 
776385 2187 
1551312 729 
774198 2187 
769824 2187 
380538 6561 
1539648 729 
6220800 81 
12386304 27 
6193098 81 
6192936 81 
3096306 243 
6192288 81 
3096063 243 
3095820 243 
1547667 729 
3094848 243 
1546938 729 
1545480 729 
772011 2187 
769824 2187 
380538 6561 
6189696 81 
6179328 81 
3089502 243 
3089016 243 
1544022 729 
3087072 243 
1543293 729 
1542564 729 
769824 2187 
1539648 729 
3079296 243 
6137856 81 
3068847 243 
3068604 243 
1533816 729 
3067632 243 
3063744 243 
1531629 729 
1530900 729 
1527984 729 
763263 2187 
761076 2187 
3048192 243 
1523610 729 
761076 2187 
1522152 729 
1516320 729 
756702 2187 
752328 2187 
373977 6561 
367416 6561 
177147 19683 
1492992 729 
745767 2187 
743580 2187 
367416 6561 
177147 19683 
734832 2187 
699840 2187 
347733 6561 
341172 6561 
157464 19683 
59049 59049 
314928 6561 
2985984 243 
5971968 81 
24772608 9 
23592960 9 
11796462 27 
11796408 27 
5898177 81 
5898096 81 
11796192 27 
11795328 27 
5897610 81 
5897448 81 
2948562 243 
1474038 729 
5896800 81 
2948319 243 
2948076 243 
2947104 243 
1473309 729 
1472580 729 
734832 2187 
11791872 27 
5895909 81 
5895828 81 
2947833 243 
5895504 81 
2947590 243 
2947104 243 
1473309 729 
1472580 729 
734832 2187 
5894208 81 
5889024 81 
2944431 243 
2944188 243 
1471851 729 
2943216 243 
1471122 729 
734832 2187 
1469664 729 
2939328 243 
11778048 27 
11722752 27 
5861322 81 
2930580 243 
5861160 81 
5860512 81 
2930094 243 
2929608 243 
1464561 729 
1463832 729 
730458 2187 
5857920 81 
2928879 243 
2928636 243 
1463832 729 
2927664 243 
2923776 243 
1461645 729 
1460916 729 
1458000 729 
728271 2187 
726084 2187 
360855 6561 
5847552 81 
5806080 81 
2902878 243 
2902392 243 
1450710 729 
2900448 243 
1449981 729 
1449252 729 
723897 2187 
1446336 729 
721710 2187 
717336 2187 
354294 6561 
2892672 243 
2861568 243 
1430298 729 
1428840 729 
712962 2187 
354294 6561 
1423008 729 
710775 2187 
708588 2187 
699840 2187 
347733 6561 
341172 6561 
157464 19683 
59049 59049 
1399680 729 
11501568 27 
5750757 81 
5750676 81 
2875176 243 
5750352 81 
5749056 81 
2874447 243 
2874204 243 
1436859 729 
2873232 243 
1436130 729 
717336 2187 
1434672 729 
5743872 81 
2871774 243 
2871288 243 
1435401 729 
1434672 729 
2869344 243 
2861568 243 
1430298 729 
1428840 729 
712962 2187 
354294 6561 
1423008 729 
710775 2187 
708588 2187 
699840 2187 
347733 6561 
341172 6561 
157464 19683 
59049 59049 
5723136 81 
5640192 81 
2820015 243 
2819772 243 
2818800 243 
1409157 729 
1408428 729 
2814912 243 
1406970 729 
1405512 729 
702027 2187 
699840 2187 
347733 6561 
1399680 729 
2799360 243 
2737152 243 
1368333 729 
1367604 729 
682344 2187 
1364688 729 
1353024 729 
675783 2187 
673596 2187 
334611 6561 
664848 2187 
328050 6561 
157464 19683 
314928 6561 
1306368 729 
651726 2187 
647352 2187 
321489 6561 
314928 6561 
629856 2187 
559872 2187 
275562 6561 
262440 6561 
118098 19683 
209952 6561 
98415 19683 
78732 19683 
5308416 81 
2654046 243 
1326780 729 
2653560 243 
2651616 243 
1325322 729 
1323864 729 
660474 2187 
328050 6561 
2643840 243 
1321677 729 
1320948 729 
1318032 729 
658287 2187 
656100 2187 
1306368 729 
651726 2187 
647352 2187 
321489 6561 
314928 6561 
629856 2187 
2612736 243 
2488320 243 
1243674 729 
621108 2187 
1242216 729 
1236384 729 
616734 2187 
612360 2187 
301806 6561 
1213056 729 
605799 2187 
603612 2187 
594864 2187 
295245 6561 
288684 6561 
137781 19683 
559872 2187 
275562 6561 
262440 6561 
118098 19683 
209952 6561 
98415 19683 
78732 19683 
1119744 729 
1990656 243 
995085 729 
994356 729 
496449 2187 
991440 729 
494262 2187 
489888 2187 
242757 6561 
236196 6561 
979776 729 
933120 729 
465831 2187 
463644 2187 
229635 6561 
454896 2187 
223074 6561 
209952 6561 
98415 19683 
78732 19683 
419904 2187 
746496 729 
371790 2187 
183708 6561 
367416 2187 
349920 2187 
170586 6561 
78732 19683 
157464 6561 
279936 2187 
137781 6561 
131220 6561 
59049 19683 
104976 6561 
39366 19683 
10616832 27 
18874368 9 
9437175 27 
9437148 27 
9437040 27 
4718493 81 
4718412 81 
2359044 243 
9436608 27 
4718250 81 
2359044 243 
4718088 81 
4717440 81 
2358558 243 
2358072 243 
1178793 729 
1178064 729 
588303 2187 
9434880 27 
9427968 27 
4713957 81 
4713876 81 
2356857 243 
4713552 81 
2356614 243 
1178064 729 
2356128 243 
4712256 81 
4707072 81 
2353455 243 
2353212 243 
2352240 243 
1175877 729 
1175148 729 
586116 2187 
2348352 243 
1173690 729 
586116 2187 
1172232 729 
1166400 729 
581742 2187 
288684 6561 
577368 2187 
9400320 27 
4700106 81 
4699944 81 
2349810 243 
4699296 81 
2349567 243 
2349324 243 
1174419 729 
2348352 243 
1173690 729 
586116 2187 
1172232 729 
4696704 81 
4686336 81 
2343006 243 
2342520 243 
1170774 729 
2340576 243 
1170045 729 
1169316 729 
583929 2187 
1166400 729 
581742 2187 
288684 6561 
577368 2187 
2332800 243 
4644864 81 
2322351 243 
2322108 243 
1160568 729 
579555 2187 
2321136 243 
2317248 243 
1158381 729 
1157652 729 
577368 2187 
1154736 729 
2301696 243 
1150362 729 
1148904 729 
572994 2187 
1143072 729 
570807 2187 
568620 2187 
282123 6561 
559872 2187 
275562 6561 
262440 6561 
118098 19683 
1119744 729 
2239488 243 
9289728 27 
8847360 27 
4423653 81 
4423572 81 
4423248 81 
2211543 243 
2211300 243 
1105164 729 
4421952 81 
2210814 243 
1105164 729 
2210328 243 
2208384 243 
1103706 729 
551124 2187 
1102248 729 
4416768 81 
4396032 81 
2197935 243 
2197692 243 
1098603 729 
2196720 243 
1097874 729 
1096416 729 
546750 2187 
2192832 243 
2177280 243 
1088397 729 
1087668 729 
542376 2187 
269001 6561 
1084752 729 
1073088 729 
535815 2187 
533628 2187 
262440 6561 
524880 2187 
4313088 81 
2156382 243 
2155896 243 
1077462 729 
538002 2187 
2153952 243 
1076733 729 
1076004 729 
1073088 729 
535815 2187 
533628 2187 
262440 6561 
2146176 243 
2115072 243 
1057050 729 
1055592 729 
527067 2187 
524880 2187 
1049760 729 
1026432 729 
511758 2187 
507384 2187 
249318 6561 
118098 19683 
489888 2187 
242757 6561 
236196 6561 
209952 6561 
98415 19683 
78732 19683 
1990656 243 
995085 729 
994356 729 
496449 2187 
991440 729 
494262 2187 
489888 2187 
242757 6561 
236196 6561 
979776 729 
933120 729 
465831 2187 
463644 2187 
229635 6561 
454896 2187 
223074 6561 
209952 6561 
98415 19683 
78732 19683 
419904 2187 
746496 729 
371790 2187 
183708 6561 
367416 2187 
349920 2187 
170586 6561 
78732 19683 
157464 6561 
279936 2187 
137781 6561 
131220 6561 
59049 19683 
104976 6561 
39366 19683 
3981312 81 
7077888 27 
3538890 81 
3538728 81 
1769283 243 
1769040 243 
884277 729 
3538080 81 
3535488 81 
1767582 243 
883548 729 
1767096 243 
1765152 243 
882090 729 
880632 729 
439587 2187 
437400 2187 
216513 6561 
3525120 81 
1762479 243 
1762236 243 
880632 729 
439587 2187 
1761264 243 
1757376 243 
878445 729 
877716 729 
437400 2187 
216513 6561 
874800 729 
1741824 243 
870426 729 
868968 729 
433026 2187 
863136 729 
430839 2187 
428652 2187 
209952 6561 
98415 19683 
419904 2187 
839808 729 
3483648 81 
3317760 81 
1658718 243 
1658232 243 
828873 729 
828144 729 
413343 2187 
1656288 243 
1648512 243 
823770 729 
411156 2187 
822312 729 
816480 729 
406782 2187 
402408 2187 
196830 6561 
1617408 243 
808461 729 
807732 729 
402408 2187 
804816 729 
793152 729 
395847 2187 
393660 2187 
384912 2187 
190269 6561 
183708 6561 
78732 19683 
746496 729 
371790 2187 
183708 6561 
367416 2187 
349920 2187 
170586 6561 
78732 19683 
157464 6561 
279936 2187 
137781 6561 
131220 6561 
59049 19683 
104976 6561 
39366 19683 
1492992 243 
2654208 81 
1327023 243 
1326780 243 
1325808 243 
662661 729 
661932 729 
330237 2187 
1321920 243 
660474 729 
659016 729 
328050 2187 
653184 729 
325863 2187 
323676 2187 
157464 6561 
314928 2187 
1306368 243 
1244160 243 
621837 729 
621108 729 
618192 729 
308367 2187 
306180 2187 
150903 6561 
606528 729 
301806 2187 
297432 2187 
144342 6561 
279936 2187 
137781 6561 
131220 6561 
59049 19683 
104976 6561 
39366 19683 
559872 729 
995328 243 
497178 729 
495720 729 
247131 2187 
244944 2187 
118098 6561 
489888 729 
466560 729 
231822 2187 
227448 2187 
111537 6561 
104976 6561 
39366 19683 
209952 2187 
373248 729 
185895 2187 
183708 2187 
174960 2187 
85293 6561 
78732 6561 
139968 2187 
65610 6561 
52488 6561 
19683 19683 
