268435456 1 
134217726 3 
67108860 9 
134217720 3 
134217696 3 
67108842 9 
33554412 27 
67108824 9 
134217600 3 
67108797 9 
67108788 9 
33554385 27 
67108752 9 
33554358 27 
33554304 27 
16777125 81 
16777044 81 
8388360 243 
4193937 729 
67108608 9 
134217216 3 
134215680 3 
67107834 9 
67107816 9 
33553899 27 
33553872 27 
16776882 81 
8388360 243 
67107744 9 
67107456 9 
33553710 27 
33553656 27 
16776801 81 
16776720 81 
33553440 27 
67106304 9 
33553143 27 
33553116 27 
33553008 27 
16776477 81 
16776396 81 
8388117 243 
33552576 27 
16776234 81 
16776072 81 
8387874 243 
16775424 81 
8387631 243 
8387388 243 
4193208 729 
8386416 243 
33550848 27 
134209536 3 
67104765 9 
67104756 9 
33552360 27 
16776153 81 
67104720 9 
67104576 9 
33552279 27 
33552252 27 
16776072 81 
33552144 27 
67104000 9 
33551982 27 
33551928 27 
16775910 81 
8387874 243 
33551712 27 
16775829 81 
16775748 81 
16775424 81 
8387631 243 
8387388 243 
4193208 729 
33550848 27 
67101696 9 
67092480 9 
33546231 27 
33546204 27 
16773075 81 
33546096 27 
16772994 81 
8386416 243 
16772832 81 
33545664 27 
33543936 27 
16771941 81 
16771860 81 
16771536 81 
8385687 243 
8385444 243 
4192479 729 
16770240 81 
8384958 243 
8384472 243 
4191750 729 
2095146 2187 
8382528 243 
4191021 729 
4190292 729 
4187376 729 
2092959 2187 
2090772 2187 
1043199 6561 
33537024 27 
16768458 81 
16768296 81 
8383986 243 
4191750 729 
16767648 81 
8383743 243 
8383500 243 
8382528 243 
4191021 729 
4190292 729 
16765056 81 
16754688 81 
8377182 243 
8376696 243 
4188105 729 
4187376 729 
2092959 2187 
8374752 243 
8366976 243 
4183002 729 
2090772 2187 
4181544 729 
4175712 729 
2086398 2187 
2082024 2187 
1036638 6561 
511758 19683 
134184960 3 
134086656 3 
67043322 9 
67043304 9 
33521634 27 
67043232 9 
33521607 27 
33521580 27 
16760763 81 
33521472 27 
16760682 81 
16760520 81 
8380098 243 
67042944 9 
67041792 9 
33520878 27 
33520824 27 
16760358 81 
8380098 243 
33520608 27 
16760277 81 
16760196 81 
16759872 81 
8379855 243 
8379612 243 
4189563 729 
33519744 27 
67037184 9 
33518583 27 
33518556 27 
16759224 81 
33518448 27 
33518016 27 
16758981 81 
16758900 81 
8379369 243 
16758576 81 
8379126 243 
8378640 243 
4188834 729 
33516288 27 
16758090 81 
16757928 81 
8378883 243 
8378640 243 
4188834 729 
16757280 81 
16754688 81 
8377182 243 
8376696 243 
4188105 729 
4187376 729 
2092959 2187 
8374752 243 
33509376 27 
67018752 9 
66945024 9 
33472494 27 
16736220 81 
33472440 27 
33472224 27 
16736058 81 
8367948 243 
16735896 81 
33471360 27 
16735653 81 
16735572 81 
8367705 243 
16735248 81 
8367462 243 
8366976 243 
4183002 729 
2090772 2187 
16733952 81 
33467904 27 
33454080 27 
16726986 81 
16726824 81 
8363331 243 
8363088 243 
16726176 81 
16723584 81 
8361630 243 
8361144 243 
4180086 729 
8359200 243 
4179357 729 
4178628 729 
2088585 2187 
4175712 729 
2086398 2187 
2082024 2187 
1036638 6561 
511758 19683 
16713216 81 
8356527 243 
8356284 243 
4177899 729 
8355312 243 
4177170 729 
4175712 729 
2086398 2187 
8351424 243 
8335872 243 
4167693 729 
4166964 729 
2082024 2187 
4164048 729 
4152384 729 
2075463 2187 
2073276 2187 
2064528 2187 
1030077 6561 
1023516 6561 
33398784 27 
16699365 81 
16699284 81 
8349480 243 
16698960 81 
16697664 81 
8348751 243 
8348508 243 
8347536 243 
4173525 729 
4172796 729 
16692480 81 
8346078 243 
4172796 729 
8345592 243 
8343648 243 
4171338 729 
4169880 729 
2084211 2187 
2082024 2187 
1036638 6561 
511758 19683 
8335872 243 
4167693 729 
4166964 729 
2082024 2187 
4164048 729 
4152384 729 
2075463 2187 
2073276 2187 
2064528 2187 
1030077 6561 
1023516 6561 
16671744 81 
16588800 81 
8294319 243 
8294076 243 
4146552 729 
8293104 243 
8289216 243 
4144365 729 
4143636 729 
2071089 2187 
4140720 729 
2068902 2187 
2064528 2187 
1030077 6561 
1023516 6561 
8273664 243 
4136346 729 
4134888 729 
2066715 2187 
2064528 2187 
1030077 6561 
4129056 729 
4105728 729 
2051406 2187 
1023516 6561 
2047032 2187 
2029536 2187 
1010394 6561 
997272 6561 
492075 19683 
472392 19683 
8211456 243 
133693440 3 
66846717 9 
66846708 9 
66846672 9 
33423327 27 
33423300 27 
16711596 81 
66846528 9 
33423246 27 
16711596 81 
33423192 27 
33422976 27 
16711434 81 
16711272 81 
8355555 243 
8355312 243 
4177170 729 
66845952 9 
66843648 9 
33421815 27 
33421788 27 
16710867 81 
33421680 27 
16710786 81 
8355312 243 
16710624 81 
33421248 27 
33419520 27 
16709733 81 
16709652 81 
16709328 81 
8354583 243 
8354340 243 
16708032 81 
8353854 243 
8353368 243 
4176441 729 
4175712 729 
2086398 2187 
8351424 243 
66834432 9 
33417198 27 
33417144 27 
16708518 81 
33416928 27 
16708437 81 
16708356 81 
8354097 243 
16708032 81 
8353854 243 
8353368 243 
4176441 729 
4175712 729 
2086398 2187 
33416064 27 
33412608 27 
16706250 81 
16706088 81 
8352882 243 
16705440 81 
8352639 243 
8352396 243 
4175712 729 
8351424 243 
16702848 81 
33398784 27 
16699365 81 
16699284 81 
8349480 243 
16698960 81 
16697664 81 
8348751 243 
8348508 243 
8347536 243 
4173525 729 
4172796 729 
16692480 81 
8346078 243 
4172796 729 
8345592 243 
8343648 243 
4171338 729 
4169880 729 
2084211 2187 
2082024 2187 
1036638 6561 
511758 19683 
8335872 243 
4167693 729 
4166964 729 
2082024 2187 
4164048 729 
4152384 729 
2075463 2187 
2073276 2187 
2064528 2187 
1030077 6561 
1023516 6561 
16671744 81 
66797568 9 
66650112 9 
33325047 27 
33325020 27 
33324912 27 
16662429 81 
16662348 81 
8331012 243 
33324480 27 
16662186 81 
8331012 243 
16662024 81 
16661376 81 
8330526 243 
8330040 243 
4164777 729 
4164048 729 
33322752 27 
33315840 27 
16657893 81 
16657812 81 
8328825 243 
16657488 81 
8328582 243 
4164048 729 
8328096 243 
16656192 81 
16651008 81 
8325423 243 
8325180 243 
8324208 243 
4161861 729 
4161132 729 
2079837 2187 
8320320 243 
4159674 729 
4158216 729 
2077650 2187 
1036638 6561 
4152384 729 
2075463 2187 
2073276 2187 
2064528 2187 
1030077 6561 
1023516 6561 
33288192 27 
16644042 81 
16643880 81 
8321778 243 
16643232 81 
8321535 243 
8321292 243 
4160403 729 
8320320 243 
4159674 729 
4158216 729 
2077650 2187 
1036638 6561 
16640640 81 
16630272 81 
8314974 243 
8314488 243 
4156758 729 
2077650 2187 
8312544 243 
4156029 729 
4155300 729 
4152384 729 
2075463 2187 
2073276 2187 
8304768 243 
16588800 81 
8294319 243 
8294076 243 
4146552 729 
8293104 243 
8289216 243 
4144365 729 
4143636 729 
2071089 2187 
4140720 729 
2068902 2187 
2064528 2187 
1030077 6561 
1023516 6561 
8273664 243 
4136346 729 
4134888 729 
2066715 2187 
2064528 2187 
1030077 6561 
4129056 729 
4105728 729 
2051406 2187 
1023516 6561 
2047032 2187 
2029536 2187 
1010394 6561 
997272 6561 
492075 19683 
472392 19683 
8211456 243 
33177600 27 
66060288 9 
33030126 27 
33030072 27 
16515009 81 
16514928 81 
8257383 243 
33029856 27 
33028992 27 
16514442 81 
8257140 243 
16514280 81 
16513632 81 
8256654 243 
8256168 243 
4127598 729 
33025536 27 
16512741 81 
16512660 81 
8256168 243 
16512336 81 
16511040 81 
8255439 243 
8255196 243 
8254224 243 
4126869 729 
4126140 729 
2062341 2187 
16505856 81 
8252766 243 
4126140 729 
8252280 243 
8250336 243 
4124682 729 
4123224 729 
2060154 2187 
8242560 243 
4121037 729 
4120308 729 
4117392 729 
2057967 2187 
2055780 2187 
1023516 6561 
4105728 729 
2051406 2187 
1023516 6561 
2047032 2187 
2029536 2187 
1010394 6561 
997272 6561 
492075 19683 
472392 19683 
33011712 27 
32956416 27 
16478154 81 
16477992 81 
8238915 243 
8238672 243 
4118850 729 
16477344 81 
16474752 81 
8237214 243 
8236728 243 
4118121 729 
4117392 729 
2057967 2187 
8234784 243 
16464384 81 
8232111 243 
8231868 243 
8230896 243 
4115205 729 
4114476 729 
2055780 2187 
8227008 243 
4113018 729 
2055780 2187 
4111560 729 
4105728 729 
2051406 2187 
1023516 6561 
2047032 2187 
8211456 243 
16422912 81 
32735232 27 
16367589 81 
16367508 81 
16367184 81 
8183511 243 
8183268 243 
4091148 729 
2044845 2187 
16365888 81 
8182782 243 
4091148 729 
8182296 243 
8180352 243 
4089690 729 
4088232 729 
2042658 2187 
16360704 81 
16339968 81 
8169903 243 
8169660 243 
4084587 729 
8168688 243 
4083858 729 
4082400 729 
2040471 2187 
2038284 2187 
1016955 6561 
8164800 243 
8149248 243 
4074381 729 
4073652 729 
2036097 2187 
4070736 729 
2033910 2187 
2029536 2187 
1010394 6561 
4059072 729 
16257024 81 
8128350 243 
8127864 243 
4063446 729 
8125920 243 
4062717 729 
4061988 729 
2029536 2187 
4059072 729 
8118144 243 
8087040 243 
4043034 729 
2020788 2187 
4041576 729 
4035744 729 
2016414 2187 
2012040 2187 
1003833 6561 
997272 6561 
492075 19683 
4012416 729 
2005479 2187 
2003292 2187 
997272 6561 
492075 19683 
1994544 2187 
1959552 2187 
977589 6561 
971028 6561 
472392 19683 
944784 6561 
7962624 243 
3981069 729 
3980340 729 
3977424 729 
1987983 2187 
1985796 2187 
990711 6561 
3965760 729 
1981422 2187 
1977048 2187 
984150 6561 
1959552 2187 
977589 6561 
971028 6561 
472392 19683 
944784 6561 
3919104 729 
3732480 729 
1865511 2187 
1863324 2187 
1854576 2187 
925101 6561 
918540 6561 
452709 19683 
1819584 2187 
905418 6561 
892296 6561 
433026 19683 
839808 6561 
413343 19683 
393660 19683 
177147 59049 
314928 19683 
118098 59049 
1679616 2187 
15925248 81 
31850496 27 
132120576 3 
125829120 3 
62914554 9 
31457268 27 
62914536 9 
62914464 9 
31457214 27 
15728580 81 
31457160 27 
62914176 9 
31457079 27 
31457052 27 
15728499 81 
31456944 27 
15728418 81 
15728256 81 
7863966 243 
31456512 27 
62913024 9 
62908416 9 
31454190 27 
31454136 27 
15727041 81 
15726960 81 
31453920 27 
31453056 27 
15726474 81 
15726312 81 
7862994 243 
15725664 81 
7862751 243 
7862508 243 
3930768 729 
7861536 243 
31449600 27 
15724773 81 
15724692 81 
7862265 243 
15724368 81 
7862022 243 
3930768 729 
7861536 243 
15723072 81 
15717888 81 
7858863 243 
7858620 243 
7857648 243 
3928581 729 
3927852 729 
7853760 243 
3926394 729 
3924936 729 
1961739 2187 
1959552 2187 
977589 6561 
3919104 729 
62889984 9 
31444983 27 
31444956 27 
15722424 81 
31444848 27 
31444416 27 
15722181 81 
15722100 81 
15721776 81 
7860807 243 
7860564 243 
3930039 729 
31442688 27 
15721290 81 
7860564 243 
15721128 81 
15720480 81 
7860078 243 
7859592 243 
3929310 729 
1963926 2187 
15717888 81 
7858863 243 
7858620 243 
7857648 243 
3928581 729 
3927852 729 
7853760 243 
3926394 729 
3924936 729 
1961739 2187 
1959552 2187 
977589 6561 
3919104 729 
31435776 27 
31408128 27 
15704037 81 
15703956 81 
7851816 243 
3925665 729 
15703632 81 
15702336 81 
7851087 243 
7850844 243 
3924936 729 
1961739 2187 
7849872 243 
15697152 81 
7848414 243 
7847928 243 
3923478 729 
7845984 243 
3922749 729 
3922020 729 
1959552 2187 
977589 6561 
3919104 729 
7838208 243 
15676416 81 
62816256 9 
62521344 9 
31260654 27 
31260600 27 
15630246 81 
31260384 27 
15630165 81 
15630084 81 
7814880 243 
15629760 81 
31259520 27 
31256064 27 
15627978 81 
7813908 243 
15627816 81 
15627168 81 
7813422 243 
7812936 243 
3905982 729 
15624576 81 
7812207 243 
7811964 243 
7810992 243 
3905253 729 
3904524 729 
1950804 2187 
7807104 243 
3903066 729 
1950804 2187 
3901608 729 
3895776 729 
1946430 2187 
971028 6561 
1942056 2187 
31242240 27 
15621093 81 
15621012 81 
15620688 81 
7810263 243 
7810020 243 
3904524 729 
15619392 81 
7809534 243 
3904524 729 
7809048 243 
7807104 243 
3903066 729 
1950804 2187 
3901608 729 
15614208 81 
15593472 81 
7796655 243 
7796412 243 
3897963 729 
7795440 243 
3897234 729 
3895776 729 
1946430 2187 
971028 6561 
7791552 243 
7776000 243 
3887757 729 
3887028 729 
1942056 2187 
3884112 729 
3872448 729 
1935495 2187 
1933308 2187 
964467 6561 
1924560 2187 
957906 6561 
472392 19683 
944784 6561 
31186944 27 
30965760 27 
15482826 81 
15482664 81 
7741251 243 
7741008 243 
3870261 729 
15482016 81 
15479424 81 
7739550 243 
3869532 729 
7739064 243 
7737120 243 
3868074 729 
1933308 2187 
3866616 729 
15469056 81 
7734447 243 
7734204 243 
3866616 729 
7733232 243 
7729344 243 
3864429 729 
3863700 729 
1931121 2187 
3860784 729 
1928934 2187 
1924560 2187 
957906 6561 
472392 19683 
7713792 243 
3856410 729 
3854952 729 
1926747 2187 
1924560 2187 
957906 6561 
472392 19683 
3849120 729 
3825792 729 
1911438 2187 
1907064 2187 
951345 6561 
944784 6561 
1889568 2187 
15427584 81 
15261696 81 
7630686 243 
7630200 243 
3814857 729 
3814128 729 
7628256 243 
7620480 243 
3809754 729 
3808296 729 
1902690 2187 
3802464 729 
1900503 2187 
1898316 2187 
944784 6561 
1889568 2187 
7589376 243 
3794445 729 
3793716 729 
1896129 2187 
3790800 729 
1893942 2187 
944784 6561 
1889568 2187 
3779136 729 
3732480 729 
1865511 2187 
1863324 2187 
1854576 2187 
925101 6561 
918540 6561 
452709 19683 
1819584 2187 
905418 6561 
892296 6561 
433026 19683 
839808 6561 
413343 19683 
393660 19683 
177147 59049 
314928 19683 
118098 59049 
7464960 243 
61341696 9 
30670839 27 
30670812 27 
30670704 27 
15335325 81 
15335244 81 
30670272 27 
15335082 81 
15334920 81 
7667379 243 
7667136 243 
3833082 729 
1915812 2187 
15334272 81 
30668544 27 
30661632 27 
15330789 81 
15330708 81 
7665192 243 
3832353 729 
15330384 81 
15329088 81 
7664463 243 
7664220 243 
3831624 729 
7663248 243 
15323904 81 
7661790 243 
7661304 243 
3830166 729 
7659360 243 
3829437 729 
3828708 729 
1913625 2187 
3825792 729 
1911438 2187 
1907064 2187 
951345 6561 
944784 6561 
7651584 243 
30633984 27 
15316938 81 
7658388 243 
15316776 81 
15316128 81 
7657902 243 
3828708 729 
7657416 243 
15313536 81 
7656687 243 
7656444 243 
3827979 729 
7655472 243 
3827250 729 
3825792 729 
1911438 2187 
7651584 243 
15303168 81 
15261696 81 
7630686 243 
7630200 243 
3814857 729 
3814128 729 
7628256 243 
7620480 243 
3809754 729 
3808296 729 
1902690 2187 
3802464 729 
1900503 2187 
1898316 2187 
944784 6561 
1889568 2187 
7589376 243 
3794445 729 
3793716 729 
1896129 2187 
3790800 729 
1893942 2187 
944784 6561 
1889568 2187 
3779136 729 
3732480 729 
1865511 2187 
1863324 2187 
1854576 2187 
925101 6561 
918540 6561 
452709 19683 
1819584 2187 
905418 6561 
892296 6561 
433026 19683 
839808 6561 
413343 19683 
393660 19683 
177147 59049 
314928 19683 
118098 59049 
30523392 27 
30081024 27 
15040485 81 
15040404 81 
7520121 243 
15040080 81 
7519878 243 
7519392 243 
3759453 729 
3758724 729 
1878633 2187 
15038784 81 
15033600 81 
7516719 243 
7516476 243 
3757995 729 
7515504 243 
3757266 729 
3755808 729 
1876446 2187 
7511616 243 
15012864 81 
7506270 243 
3752892 729 
7505784 243 
7503840 243 
3751434 729 
3749976 729 
1874259 2187 
1872072 2187 
931662 6561 
7496064 243 
3747789 729 
3747060 729 
1872072 2187 
3744144 729 
3732480 729 
1865511 2187 
1863324 2187 
1854576 2187 
925101 6561 
918540 6561 
452709 19683 
7464960 243 
14929920 81 
14598144 81 
7298991 243 
7298748 243 
7297776 243 
3648645 729 
3647916 729 
7293888 243 
3646458 729 
3645000 729 
1821771 2187 
1819584 2187 
905418 6561 
3639168 729 
7278336 243 
7216128 243 
3607821 729 
3607092 729 
1802088 2187 
898857 6561 
3604176 729 
3592512 729 
1795527 2187 
1793340 2187 
892296 6561 
1784592 2187 
3545856 729 
1771470 2187 
1767096 2187 
879174 6561 
433026 19683 
1749600 2187 
872613 6561 
866052 6561 
839808 6561 
413343 19683 
393660 19683 
177147 59049 
1679616 2187 
6967296 243 
3483162 729 
1740852 2187 
3481704 729 
3475872 729 
1736478 2187 
866052 6561 
1732104 2187 
3452544 729 
1725543 2187 
1723356 2187 
859491 6561 
1714608 2187 
852930 6561 
839808 6561 
413343 19683 
393660 19683 
177147 59049 
1679616 2187 
3359232 729 
2985984 729 
1491534 2187 
1487160 2187 
741393 6561 
734832 6561 
354294 19683 
1469664 2187 
1399680 2187 
695466 6561 
682344 6561 
334611 19683 
314928 19683 
118098 59049 
629856 6561 
1119744 2187 
557685 6561 
551124 6561 
524880 6561 
255879 19683 
236196 19683 
419904 6561 
196830 19683 
157464 19683 
59049 59049 
28311552 27 
14155722 81 
14155560 81 
7077618 243 
3538566 729 
14154912 81 
7077375 243 
7077132 243 
7076160 243 
3537837 729 
3537108 729 
1767096 2187 
14152320 81 
14141952 81 
7070814 243 
7070328 243 
3534921 729 
3534192 729 
7068384 243 
7060608 243 
3529818 729 
3528360 729 
1762722 2187 
879174 6561 
3522528 729 
1760535 2187 
1758348 2187 
1749600 2187 
872613 6561 
866052 6561 
14100480 81 
7050159 243 
7049916 243 
3524715 729 
7048944 243 
3523986 729 
3522528 729 
1760535 2187 
1758348 2187 
7045056 243 
7029504 243 
3514509 729 
3513780 729 
1756161 2187 
3510864 729 
1753974 2187 
1749600 2187 
872613 6561 
866052 6561 
3499200 729 
6967296 243 
3483162 729 
1740852 2187 
3481704 729 
3475872 729 
1736478 2187 
866052 6561 
1732104 2187 
3452544 729 
1725543 2187 
1723356 2187 
859491 6561 
1714608 2187 
852930 6561 
839808 6561 
413343 19683 
393660 19683 
177147 59049 
1679616 2187 
3359232 729 
13934592 81 
13271040 81 
6635358 243 
6634872 243 
3316950 729 
1657746 2187 
6632928 243 
3316221 729 
3315492 729 
3312576 729 
1655559 2187 
1653372 2187 
6625152 243 
6594048 243 
3296538 729 
3295080 729 
1646811 2187 
1644624 2187 
820125 6561 
3289248 729 
3265920 729 
1631502 2187 
813564 6561 
1627128 2187 
1609632 2187 
800442 6561 
393660 19683 
787320 6561 
6469632 243 
3234573 729 
3233844 729 
1616193 2187 
3230928 729 
1614006 2187 
1609632 2187 
800442 6561 
393660 19683 
3219264 729 
3172608 729 
1585575 2187 
1583388 2187 
787320 6561 
1574640 2187 
1539648 2187 
767637 6561 
761076 6561 
373977 19683 
734832 6561 
354294 19683 
314928 19683 
118098 59049 
2985984 729 
1491534 2187 
1487160 2187 
741393 6561 
734832 6561 
354294 19683 
1469664 2187 
1399680 2187 
695466 6561 
682344 6561 
334611 19683 
314928 19683 
118098 59049 
629856 6561 
1119744 2187 
557685 6561 
551124 6561 
524880 6561 
255879 19683 
236196 19683 
419904 6561 
196830 19683 
157464 19683 
59049 59049 
5971968 243 
10616832 81 
5308335 243 
5308092 243 
2653560 729 
5307120 243 
5303232 243 
2651373 729 
2650644 729 
2647728 729 
1323135 2187 
1320948 2187 
656100 6561 
5287680 243 
2643354 729 
1320948 2187 
2641896 729 
2636064 729 
1316574 2187 
656100 6561 
1312200 2187 
2612736 729 
1305639 2187 
1303452 2187 
649539 6561 
1294704 2187 
642978 6561 
314928 19683 
629856 6561 
1259712 2187 
5225472 243 
4976640 243 
2488077 729 
2487348 729 
1242216 2187 
2484432 729 
2472768 729 
1235655 2187 
1233468 2187 
1224720 2187 
610173 6561 
603612 6561 
295245 19683 
2426112 729 
1211598 2187 
603612 6561 
1207224 2187 
1189728 2187 
590490 6561 
577368 6561 
275562 19683 
118098 59049 
1119744 2187 
557685 6561 
551124 6561 
524880 6561 
255879 19683 
236196 19683 
419904 6561 
196830 19683 
157464 19683 
59049 59049 
2239488 729 
3981312 243 
1990170 729 
1988712 729 
992898 2187 
1982880 729 
990711 2187 
988524 2187 
492075 6561 
979776 2187 
485514 6561 
236196 19683 
472392 6561 
1959552 729 
1866240 729 
931662 2187 
927288 2187 
459270 6561 
909792 2187 
452709 6561 
446148 6561 
216513 19683 
419904 6561 
196830 19683 
157464 19683 
59049 59049 
839808 2187 
1492992 729 
745767 2187 
743580 2187 
367416 6561 
177147 19683 
734832 2187 
699840 2187 
347733 6561 
341172 6561 
157464 19683 
59049 59049 
314928 6561 
559872 2187 
275562 6561 
262440 6561 
118098 19683 
209952 6561 
98415 19683 
78732 19683 
56623104 9 
100663296 3 
50331645 9 
50331636 9 
25165809 27 
50331600 9 
25165782 27 
12582864 81 
25165728 27 
50331456 9 
50330880 9 
25165431 27 
25165404 27 
25165296 27 
12582621 81 
12582540 81 
25164864 27 
12582378 81 
12582216 81 
6291027 243 
6290784 243 
3144906 729 
12581568 81 
50328576 9 
25164270 27 
25164216 27 
12582054 81 
25164000 27 
12581973 81 
12581892 81 
6290784 243 
12581568 81 
25163136 27 
25159680 27 
12579786 81 
6289812 243 
12579624 81 
12578976 81 
6289326 243 
6288840 243 
3144177 729 
3143448 729 
1570266 2187 
12576384 81 
6288111 243 
6287868 243 
3143448 729 
6286896 243 
6283008 243 
3141261 729 
3140532 729 
3137616 729 
1568079 2187 
1565892 2187 
780759 6561 
50319360 9 
50282496 9 
25141239 27 
25141212 27 
12570552 81 
6285195 243 
25141104 27 
25140672 27 
12570309 81 
12570228 81 
6284952 243 
12569904 81 
25138944 27 
12569418 81 
12569256 81 
6284466 243 
3141990 729 
12568608 81 
6284223 243 
6283980 243 
6283008 243 
3141261 729 
3140532 729 
12566016 81 
25132032 27 
25104384 27 
12552165 81 
12552084 81 
6275961 243 
12551760 81 
6275718 243 
3137616 729 
6275232 243 
12550464 81 
12545280 81 
6272559 243 
6272316 243 
6271344 243 
3135429 729 
3134700 729 
1565892 2187 
780759 6561 
6267456 243 
3133242 729 
1565892 2187 
3131784 729 
3125952 729 
1561518 2187 
1557144 2187 
774198 6561 
12524544 81 
6262110 243 
6261624 243 
3130326 729 
6259680 243 
3129597 729 
3128868 729 
1563705 2187 
3125952 729 
1561518 2187 
1557144 2187 
774198 6561 
6251904 243 
6220800 243 
3109914 729 
3108456 729 
1552770 2187 
774198 6561 
3102624 729 
1550583 2187 
1548396 2187 
1539648 2187 
767637 6561 
761076 6561 
373977 19683 
3079296 729 
50135040 9 
25067502 27 
25067448 27 
12533697 81 
12533616 81 
6266727 243 
25067232 27 
25066368 27 
12533130 81 
6266484 243 
12532968 81 
12532320 81 
6265998 243 
6265512 243 
3132513 729 
3131784 729 
25062912 27 
12531429 81 
12531348 81 
6265512 243 
3132513 729 
12531024 81 
12529728 81 
6264783 243 
6264540 243 
3131784 729 
6263568 243 
12524544 81 
6262110 243 
6261624 243 
3130326 729 
6259680 243 
3129597 729 
3128868 729 
1563705 2187 
3125952 729 
1561518 2187 
1557144 2187 
774198 6561 
6251904 243 
25049088 27 
24993792 27 
12496842 81 
12496680 81 
6248259 243 
6248016 243 
3123765 729 
12496032 81 
12493440 81 
6246558 243 
3123036 729 
6246072 243 
6244128 243 
3121578 729 
3120120 729 
1559331 2187 
1557144 2187 
774198 6561 
12483072 81 
6241455 243 
6241212 243 
3120120 729 
1559331 2187 
6240240 243 
6236352 243 
3117933 729 
3117204 729 
1557144 2187 
3114288 729 
6220800 243 
3109914 729 
3108456 729 
1552770 2187 
774198 6561 
3102624 729 
1550583 2187 
1548396 2187 
1539648 2187 
767637 6561 
761076 6561 
373977 19683 
3079296 729 
12441600 81 
24772608 27 
12386277 81 
12386196 81 
12385872 81 
6192855 243 
6192612 243 
3096063 729 
12384576 81 
6192126 243 
6191640 243 
3095334 729 
6189696 243 
3094605 729 
3093876 729 
1546209 2187 
3090960 729 
1544022 2187 
1539648 2187 
767637 6561 
761076 6561 
373977 19683 
12379392 81 
12358656 81 
6179247 243 
6179004 243 
6178032 243 
3088773 729 
3088044 729 
6174144 243 
3086586 729 
3085128 729 
1541835 2187 
1539648 2187 
767637 6561 
3079296 729 
6158592 243 
12275712 81 
6137694 243 
6137208 243 
3068361 729 
3067632 729 
1533087 2187 
6135264 243 
6127488 243 
3063258 729 
1530900 2187 
3061800 729 
3055968 729 
1526526 2187 
761076 6561 
1522152 2187 
6096384 243 
3047949 729 
3047220 729 
1522152 2187 
3044304 729 
3032640 729 
1515591 2187 
1513404 2187 
754515 6561 
1504656 2187 
747954 6561 
734832 6561 
354294 19683 
2985984 729 
1491534 2187 
1487160 2187 
741393 6561 
734832 6561 
354294 19683 
1469664 2187 
1399680 2187 
695466 6561 
682344 6561 
334611 19683 
314928 19683 
118098 59049 
629856 6561 
5971968 243 
11943936 81 
49545216 9 
47185920 9 
23592951 27 
23592924 27 
11796435 81 
23592816 27 
11796354 81 
5898096 243 
11796192 81 
23592384 27 
23590656 27 
11795301 81 
11795220 81 
11794896 81 
5897367 243 
5897124 243 
2948076 729 
11793600 81 
5896638 243 
2948076 729 
5896152 243 
5894208 243 
2946618 729 
2945160 729 
1471851 2187 
1469664 2187 
23583744 27 
11791818 81 
11791656 81 
5895666 243 
11791008 81 
5895423 243 
5895180 243 
2947347 729 
5894208 243 
2946618 729 
2945160 729 
1471851 2187 
1469664 2187 
11788416 81 
11778048 81 
5888862 243 
5888376 243 
2943702 729 
5886432 243 
2942973 729 
2942244 729 
1469664 2187 
2939328 729 
5878656 243 
23556096 27 
23445504 27 
11722725 81 
11722644 81 
5861160 243 
11722320 81 
11721024 81 
5860431 243 
5860188 243 
2929851 729 
5859216 243 
2929122 729 
2927664 729 
1463103 2187 
1460916 2187 
728271 6561 
11715840 81 
5857758 243 
5857272 243 
2928393 729 
2927664 729 
1463103 2187 
5855328 243 
5847552 243 
2923290 729 
1460916 2187 
2921832 729 
2916000 729 
1456542 2187 
1452168 2187 
721710 6561 
354294 19683 
11695104 81 
11612160 81 
5805999 243 
5805756 243 
5804784 243 
2902149 729 
2901420 729 
1449981 2187 
5800896 243 
2899962 729 
2898504 729 
1447794 2187 
721710 6561 
2892672 729 
1445607 2187 
1443420 2187 
1434672 2187 
715149 6561 
708588 6561 
5785344 243 
5723136 243 
2861325 729 
2860596 729 
2857680 729 
1428111 2187 
1425924 2187 
708588 6561 
2846016 729 
1421550 2187 
708588 6561 
1417176 2187 
1399680 2187 
695466 6561 
682344 6561 
334611 19683 
314928 19683 
118098 59049 
2799360 729 
23003136 27 
11501514 81 
11501352 81 
5750595 243 
5750352 243 
11500704 81 
11498112 81 
5748894 243 
5748408 243 
2873718 729 
5746464 243 
2872989 729 
2872260 729 
1434672 2187 
715149 6561 
2869344 729 
11487744 81 
5743791 243 
5743548 243 
2871531 729 
5742576 243 
2870802 729 
1434672 2187 
2869344 729 
5738688 243 
5723136 243 
2861325 729 
2860596 729 
2857680 729 
1428111 2187 
1425924 2187 
708588 6561 
2846016 729 
1421550 2187 
708588 6561 
1417176 2187 
1399680 2187 
695466 6561 
682344 6561 
334611 19683 
314928 19683 
118098 59049 
11446272 81 
11280384 81 
5640030 243 
2819772 729 
5639544 243 
5637600 243 
2818314 729 
1408428 2187 
2816856 729 
5629824 243 
2814669 729 
2813940 729 
1406241 2187 
2811024 729 
1404054 2187 
1399680 2187 
695466 6561 
2799360 729 
5598720 243 
5474304 243 
2736666 729 
2735208 729 
1366875 2187 
1364688 2187 
2729376 729 
2706048 729 
1351566 2187 
1347192 2187 
669222 6561 
1329696 2187 
662661 6561 
656100 6561 
314928 19683 
629856 6561 
2612736 729 
1305639 2187 
1303452 2187 
649539 6561 
1294704 2187 
642978 6561 
314928 19683 
629856 6561 
1259712 2187 
1119744 2187 
557685 6561 
551124 6561 
524880 6561 
255879 19683 
236196 19683 
419904 6561 
196830 19683 
157464 19683 
59049 59049 
10616832 81 
5308335 243 
5308092 243 
2653560 729 
5307120 243 
5303232 243 
2651373 729 
2650644 729 
2647728 729 
1323135 2187 
1320948 2187 
656100 6561 
5287680 243 
2643354 729 
1320948 2187 
2641896 729 
2636064 729 
1316574 2187 
656100 6561 
1312200 2187 
2612736 729 
1305639 2187 
1303452 2187 
649539 6561 
1294704 2187 
642978 6561 
314928 19683 
629856 6561 
1259712 2187 
5225472 243 
4976640 243 
2488077 729 
2487348 729 
1242216 2187 
2484432 729 
2472768 729 
1235655 2187 
1233468 2187 
1224720 2187 
610173 6561 
603612 6561 
295245 19683 
2426112 729 
1211598 2187 
603612 6561 
1207224 2187 
1189728 2187 
590490 6561 
577368 6561 
275562 19683 
118098 59049 
1119744 2187 
557685 6561 
551124 6561 
524880 6561 
255879 19683 
236196 19683 
419904 6561 
196830 19683 
157464 19683 
59049 59049 
2239488 729 
3981312 243 
1990170 729 
1988712 729 
992898 2187 
1982880 729 
990711 2187 
988524 2187 
492075 6561 
979776 2187 
485514 6561 
236196 19683 
472392 6561 
1959552 729 
1866240 729 
931662 2187 
927288 2187 
459270 6561 
909792 2187 
452709 6561 
446148 6561 
216513 19683 
419904 6561 
196830 19683 
157464 19683 
59049 59049 
839808 2187 
1492992 729 
745767 2187 
743580 2187 
367416 6561 
177147 19683 
734832 2187 
699840 2187 
347733 6561 
341172 6561 
157464 19683 
59049 59049 
314928 6561 
559872 2187 
275562 6561 
262440 6561 
118098 19683 
209952 6561 
98415 19683 
78732 19683 
21233664 27 
37748736 9 
18874350 27 
9437148 81 
18874296 27 
18874080 27 
9436986 81 
9436824 81 
4718331 243 
4718088 243 
18873216 27 
9436581 81 
9436500 81 
4718088 243 
9436176 81 
9434880 81 
4717359 243 
4717116 243 
2358315 729 
4716144 243 
2357586 729 
2356128 729 
1176606 2187 
18869760 27 
18855936 27 
9427914 81 
9427752 81 
4713714 243 
9427104 81 
4713471 243 
4713228 243 
2356128 729 
4712256 243 
9424512 81 
9414144 81 
4706910 243 
2353212 729 
4706424 243 
4704480 243 
2351754 729 
2350296 729 
1174419 2187 
1172232 2187 
583929 6561 
4696704 243 
2348109 729 
2347380 729 
1172232 2187 
583929 6561 
2344464 729 
2332800 729 
1165671 2187 
1163484 2187 
577368 6561 
1154736 2187 
18800640 27 
9400293 81 
9400212 81 
9399888 81 
4699863 243 
4699620 243 
2349567 729 
9398592 81 
4699134 243 
4698648 243 
2348838 729 
4696704 243 
2348109 729 
2347380 729 
1172232 2187 
583929 6561 
2344464 729 
9393408 81 
9372672 81 
4686255 243 
4686012 243 
4685040 243 
2342277 729 
2341548 729 
1170045 2187 
4681152 243 
2340090 729 
2338632 729 
1167858 2187 
2332800 729 
1165671 2187 
1163484 2187 
577368 6561 
1154736 2187 
4665600 243 
9289728 81 
4644702 243 
4644216 243 
2321865 729 
2321136 729 
1159110 2187 
577368 6561 
4642272 243 
4634496 243 
2316762 729 
2315304 729 
1156923 2187 
1154736 2187 
2309472 729 
4603392 243 
2301453 729 
2300724 729 
2297808 729 
1148175 2187 
1145988 2187 
570807 6561 
2286144 729 
1141614 2187 
1137240 2187 
564246 6561 
275562 19683 
1119744 2187 
557685 6561 
551124 6561 
524880 6561 
255879 19683 
236196 19683 
2239488 729 
4478976 243 
18579456 27 
17694720 27 
8847306 81 
4423572 243 
8847144 81 
8846496 81 
4423086 243 
4422600 243 
2211057 729 
2210328 729 
1104435 2187 
8843904 81 
4421871 243 
4421628 243 
2210328 729 
1104435 2187 
4420656 243 
4416768 243 
2208141 729 
2207412 729 
1102248 2187 
2204496 729 
8833536 81 
8792064 81 
4395870 243 
4395384 243 
2197206 729 
1097874 2187 
4393440 243 
2196477 729 
2195748 729 
2192832 729 
1095687 2187 
1093500 2187 
544563 6561 
4385664 243 
4354560 243 
2176794 729 
2175336 729 
1086939 2187 
1084752 2187 
538002 6561 
2169504 729 
2146176 729 
1071630 2187 
1067256 2187 
531441 6561 
524880 6561 
255879 19683 
1049760 2187 
8626176 81 
4313007 243 
4312764 243 
4311792 243 
2155653 729 
2154924 729 
1076004 2187 
4307904 243 
2153466 729 
1076004 2187 
2152008 729 
2146176 729 
1071630 2187 
1067256 2187 
531441 6561 
524880 6561 
255879 19683 
4292352 243 
4230144 243 
2114829 729 
2114100 729 
1056321 2187 
2111184 729 
1054134 2187 
524880 6561 
1049760 2187 
2099520 729 
2052864 729 
1025703 2187 
1023516 2187 
1014768 2187 
505197 6561 
498636 6561 
236196 19683 
979776 2187 
485514 6561 
236196 19683 
472392 6561 
419904 6561 
196830 19683 
157464 19683 
59049 59049 
3981312 243 
1990170 729 
1988712 729 
992898 2187 
1982880 729 
990711 2187 
988524 2187 
492075 6561 
979776 2187 
485514 6561 
236196 19683 
472392 6561 
1959552 729 
1866240 729 
931662 2187 
927288 2187 
459270 6561 
909792 2187 
452709 6561 
446148 6561 
216513 19683 
419904 6561 
196830 19683 
157464 19683 
59049 59049 
839808 2187 
1492992 729 
745767 2187 
743580 2187 
367416 6561 
177147 19683 
734832 2187 
699840 2187 
347733 6561 
341172 6561 
157464 19683 
59049 59049 
314928 6561 
559872 2187 
275562 6561 
262440 6561 
118098 19683 
209952 6561 
98415 19683 
78732 19683 
7962624 81 
14155776 27 
7077861 81 
7077780 81 
3538809 243 
7077456 81 
3538566 243 
3538080 243 
1768554 729 
883548 2187 
7076160 81 
7070976 81 
3535407 243 
3535164 243 
1767096 729 
3534192 243 
3530304 243 
1764909 729 
1764180 729 
881361 2187 
1761264 729 
879174 2187 
874800 2187 
433026 6561 
7050240 81 
3524958 243 
3524472 243 
1761993 729 
1761264 729 
879174 2187 
3522528 243 
3514752 243 
1756890 729 
1755432 729 
876987 2187 
874800 2187 
433026 6561 
1749600 729 
3483648 243 
1741581 729 
1740852 729 
1737936 729 
868239 2187 
866052 2187 
1726272 729 
861678 2187 
857304 2187 
426465 6561 
419904 6561 
196830 19683 
839808 2187 
1679616 729 
6967296 81 
6635520 81 
3317679 243 
3317436 243 
1658475 729 
3316464 243 
1657746 729 
1656288 729 
826686 2187 
3312576 243 
3297024 243 
1648269 729 
1647540 729 
822312 2187 
1644624 729 
1632960 729 
815751 2187 
813564 2187 
804816 2187 
400221 6561 
393660 6561 
3234816 243 
1616922 729 
1615464 729 
807003 2187 
804816 2187 
400221 6561 
1609632 729 
1586304 729 
791694 2187 
393660 6561 
787320 2187 
769824 2187 
380538 6561 
367416 6561 
177147 19683 
157464 19683 
59049 59049 
1492992 729 
745767 2187 
743580 2187 
367416 6561 
177147 19683 
734832 2187 
699840 2187 
347733 6561 
341172 6561 
157464 19683 
59049 59049 
314928 6561 
559872 2187 
275562 6561 
262440 6561 
118098 19683 
209952 6561 
98415 19683 
78732 19683 
2985984 243 
5308416 81 
2654046 243 
1326780 729 
2653560 243 
2651616 243 
1325322 729 
1323864 729 
660474 2187 
328050 6561 
2643840 243 
1321677 729 
1320948 729 
1318032 729 
658287 2187 
656100 2187 
1306368 729 
651726 2187 
647352 2187 
321489 6561 
314928 6561 
629856 2187 
2612736 243 
2488320 243 
1243674 729 
621108 2187 
1242216 729 
1236384 729 
616734 2187 
612360 2187 
301806 6561 
1213056 729 
605799 2187 
603612 2187 
594864 2187 
295245 6561 
288684 6561 
137781 19683 
559872 2187 
275562 6561 
262440 6561 
118098 19683 
209952 6561 
98415 19683 
78732 19683 
1119744 729 
1990656 243 
995085 729 
994356 729 
496449 2187 
991440 729 
494262 2187 
489888 2187 
242757 6561 
236196 6561 
979776 729 
933120 729 
465831 2187 
463644 2187 
229635 6561 
454896 2187 
223074 6561 
209952 6561 
98415 19683 
78732 19683 
419904 2187 
746496 729 
371790 2187 
183708 6561 
367416 2187 
349920 2187 
170586 6561 
78732 19683 
157464 6561 
279936 2187 
137781 6561 
131220 6561 
59049 19683 
104976 6561 
39366 19683 
