536870912 1 
268435455 3 
268435452 3 
134217720 9 
67108851 27 
268435440 3 
268435392 3 
134217693 9 
134217684 9 
67108824 27 
134217648 9 
268435200 3 
134217594 9 
134217576 9 
67108770 27 
134217504 9 
67108743 27 
67108716 27 
33554331 81 
67108608 27 
33554250 81 
33554088 81 
16776963 243 
16776720 243 
8387874 729 
134217216 9 
268434432 3 
268431360 3 
134215677 9 
134215668 9 
67107825 27 
134215632 9 
67107798 27 
67107744 27 
33553845 81 
33553764 81 
16776720 243 
134215488 9 
134214912 9 
67107447 27 
67107420 27 
33553683 81 
67107312 27 
33553602 81 
16776720 243 
33553440 81 
67106880 27 
134212608 9 
67106286 27 
33553116 81 
67106232 27 
67106016 27 
33552954 81 
33552792 81 
16776234 243 
8387874 729 
67105152 27 
33552549 81 
33552468 81 
33552144 81 
16775991 243 
16775748 243 
33550848 81 
16775262 243 
16774776 243 
8387145 729 
8386416 729 
4192479 2187 
16772832 243 
67101696 27 
268419072 3 
134209530 9 
134209512 9 
67104747 27 
67104720 27 
33552306 81 
134209440 9 
134209152 9 
67104558 27 
67104504 27 
33552225 81 
33552144 81 
16775991 243 
67104288 27 
134208000 9 
67103991 27 
67103964 27 
67103856 27 
33551901 81 
33551820 81 
16775748 243 
67103424 27 
33551658 81 
16775748 243 
33551496 81 
33550848 81 
16775262 243 
16774776 243 
8387145 729 
8386416 729 
4192479 2187 
67101696 27 
134203392 9 
134184960 9 
67092462 27 
67092408 27 
33546150 81 
67092192 27 
33546069 81 
33545988 81 
16772832 243 
33545664 81 
67091328 27 
67087872 27 
33543882 81 
16771860 243 
33543720 81 
33543072 81 
16771374 243 
16770888 243 
8384958 729 
33540480 81 
16770159 243 
16769916 243 
16768944 243 
8384229 729 
8383500 729 
4190292 2187 
2092959 6561 
16765056 243 
8382042 729 
4190292 2187 
8380584 729 
8374752 729 
4185918 2187 
4181544 2187 
2086398 6561 
67074048 27 
33536997 81 
33536916 81 
33536592 81 
16768215 243 
16767972 243 
8383500 729 
33535296 81 
16767486 243 
8383500 729 
16767000 243 
16765056 243 
8382042 729 
4190292 2187 
8380584 729 
33530112 81 
33509376 81 
16754607 243 
16754364 243 
8376939 729 
16753392 243 
8376210 729 
8374752 729 
4185918 2187 
16749504 243 
16733952 243 
8366733 729 
8366004 729 
4181544 2187 
8363088 729 
8351424 729 
4174983 2187 
4172796 2187 
4164048 2187 
2079837 6561 
2073276 6561 
1023516 19683 
268369920 3 
268173312 3 
134086653 9 
134086644 9 
134086608 9 
67043295 27 
67043268 27 
33521607 81 
134086464 9 
67043214 27 
67043160 27 
33521526 81 
16760682 243 
67042944 27 
33521445 81 
33521364 81 
33521040 81 
16760439 243 
16760196 243 
8379855 729 
134085888 9 
134083584 9 
67041783 27 
67041756 27 
67041648 27 
33520797 81 
33520716 81 
16760196 243 
8379855 729 
67041216 27 
33520554 81 
16760196 243 
33520392 81 
33519744 81 
16759710 243 
16759224 243 
8379126 729 
67039488 27 
134074368 9 
67037166 27 
67037112 27 
33518529 81 
33518448 81 
67036896 27 
67036032 27 
33517962 81 
33517800 81 
16758738 243 
8379126 729 
33517152 81 
16758495 243 
16758252 243 
16757280 243 
8378397 729 
8377668 729 
4188105 2187 
67032576 27 
33516261 81 
33516180 81 
16758009 243 
33515856 81 
16757766 243 
16757280 243 
8378397 729 
8377668 729 
4188105 2187 
33514560 81 
33509376 81 
16754607 243 
16754364 243 
8376939 729 
16753392 243 
8376210 729 
8374752 729 
4185918 2187 
16749504 243 
67018752 27 
134037504 9 
133890048 9 
66945015 27 
66944988 27 
33472440 81 
16736139 243 
66944880 27 
66944448 27 
33472197 81 
33472116 81 
16735896 243 
33471792 81 
66942720 27 
33471306 81 
33471144 81 
16735410 243 
8367462 729 
33470496 81 
16735167 243 
16734924 243 
16733952 243 
8366733 729 
8366004 729 
4181544 2187 
33467904 81 
66935808 27 
66908160 27 
33454053 81 
33453972 81 
16726905 243 
33453648 81 
16726662 243 
8363088 729 
16726176 243 
33452352 81 
33447168 81 
16723503 243 
16723260 243 
16722288 243 
8360901 729 
8360172 729 
4179357 2187 
16718400 243 
8358714 729 
8357256 729 
4177170 2187 
2086398 6561 
8351424 729 
4174983 2187 
4172796 2187 
4164048 2187 
2079837 6561 
2073276 6561 
1023516 19683 
33426432 81 
16713054 243 
16712568 243 
8355798 729 
4177170 2187 
16710624 243 
8355069 729 
8354340 729 
8351424 729 
4174983 2187 
4172796 2187 
16702848 243 
16671744 243 
8335386 729 
8333928 729 
4166235 2187 
4164048 2187 
2079837 6561 
8328096 729 
8304768 729 
4150926 2187 
2073276 6561 
4146552 2187 
4129056 2187 
2060154 6561 
1023516 19683 
2047032 6561 
66797568 27 
33398730 81 
33398568 81 
16699203 243 
16698960 243 
8349237 729 
33397920 81 
33395328 81 
16697502 243 
8348508 729 
16697016 243 
16695072 243 
8347050 729 
4172796 2187 
8345592 729 
33384960 81 
16692399 243 
16692156 243 
8345592 729 
16691184 243 
16687296 243 
8343405 729 
8342676 729 
4170609 2187 
8339760 729 
4168422 2187 
4164048 2187 
2079837 6561 
2073276 6561 
1023516 19683 
16671744 243 
8335386 729 
8333928 729 
4166235 2187 
4164048 2187 
2079837 6561 
8328096 729 
8304768 729 
4150926 2187 
2073276 6561 
4146552 2187 
4129056 2187 
2060154 6561 
1023516 19683 
2047032 6561 
33343488 81 
33177600 81 
16588638 243 
16588152 243 
8293833 729 
8293104 729 
16586208 243 
16578432 243 
8288730 729 
8287272 729 
4142178 2187 
8281440 729 
4139991 2187 
4137804 2187 
2066715 6561 
4129056 2187 
2060154 6561 
1023516 19683 
2047032 6561 
16547328 243 
8273421 729 
8272692 729 
4135617 2187 
8269776 729 
4133430 2187 
4129056 2187 
2060154 6561 
1023516 19683 
8258112 729 
8211456 729 
4104999 2187 
4102812 2187 
2047032 6561 
4094064 2187 
4059072 2187 
2027349 6561 
2020788 6561 
1003833 19683 
1994544 6561 
984150 19683 
472392 59049 
944784 19683 
16422912 243 
267386880 3 
133693434 9 
66846708 27 
133693416 9 
133693344 9 
66846654 27 
66846600 27 
33423273 81 
33423192 81 
133693056 9 
66846519 27 
66846492 27 
33423192 81 
66846384 27 
66845952 27 
33422949 81 
33422868 81 
16711353 243 
33422544 81 
16711110 243 
16710624 243 
8355069 729 
8354340 729 
133691904 9 
133687296 9 
66843630 27 
66843576 27 
33421734 81 
66843360 27 
33421653 81 
33421572 81 
16710624 243 
8355069 729 
33421248 81 
66842496 27 
66839040 27 
33419466 81 
16709652 243 
33419304 81 
33418656 81 
16709166 243 
8354340 729 
16708680 243 
33416064 81 
16707951 243 
16707708 243 
8353611 729 
16706736 243 
8352882 729 
8351424 729 
4174983 2187 
4172796 2187 
16702848 243 
133668864 9 
66834423 27 
66834396 27 
66834288 27 
33417117 81 
33417036 81 
16708437 243 
66833856 27 
33416874 81 
33416712 81 
16708194 243 
33416064 81 
16707951 243 
16707708 243 
8353611 729 
16706736 243 
8352882 729 
8351424 729 
4174983 2187 
4172796 2187 
66832128 27 
66825216 27 
33412581 81 
33412500 81 
33412176 81 
16706007 243 
16705764 243 
33410880 81 
16705278 243 
16704792 243 
8352153 729 
8351424 729 
4174983 2187 
16702848 243 
33405696 81 
66797568 27 
33398730 81 
33398568 81 
16699203 243 
16698960 243 
8349237 729 
33397920 81 
33395328 81 
16697502 243 
8348508 729 
16697016 243 
16695072 243 
8347050 729 
4172796 2187 
8345592 729 
33384960 81 
16692399 243 
16692156 243 
8345592 729 
16691184 243 
16687296 243 
8343405 729 
8342676 729 
4170609 2187 
8339760 729 
4168422 2187 
4164048 2187 
2079837 6561 
2073276 6561 
1023516 19683 
16671744 243 
8335386 729 
8333928 729 
4166235 2187 
4164048 2187 
2079837 6561 
8328096 729 
8304768 729 
4150926 2187 
2073276 6561 
4146552 2187 
4129056 2187 
2060154 6561 
1023516 19683 
2047032 6561 
33343488 81 
133595136 9 
133300224 9 
66650094 27 
33325020 81 
66650040 27 
66649824 27 
33324858 81 
33324696 81 
16662267 243 
16662024 243 
66648960 27 
33324453 81 
33324372 81 
16662024 243 
33324048 81 
33322752 81 
16661295 243 
16661052 243 
8330283 729 
16660080 243 
8329554 729 
4164048 2187 
8328096 729 
66645504 27 
66631680 27 
33315786 81 
33315624 81 
16657650 243 
33314976 81 
16657407 243 
16657164 243 
8328096 729 
16656192 243 
33312384 81 
33302016 81 
16650846 243 
8325180 729 
16650360 243 
16648416 243 
8323722 729 
8322264 729 
4159674 2187 
16640640 243 
8320077 729 
8319348 729 
8316432 729 
4157487 2187 
4155300 2187 
2073276 6561 
8304768 729 
4150926 2187 
2073276 6561 
4146552 2187 
4129056 2187 
2060154 6561 
1023516 19683 
2047032 6561 
66576384 27 
33288165 81 
33288084 81 
33287760 81 
16643799 243 
16643556 243 
8321535 729 
33286464 81 
16643070 243 
16642584 243 
8320806 729 
4159674 2187 
16640640 243 
8320077 729 
8319348 729 
8316432 729 
4157487 2187 
4155300 2187 
2073276 6561 
33281280 81 
33260544 81 
16630191 243 
16629948 243 
16628976 243 
8314245 729 
8313516 729 
4155300 2187 
16625088 243 
8312058 729 
4155300 2187 
8310600 729 
8304768 729 
4150926 2187 
2073276 6561 
4146552 2187 
16609536 243 
33177600 81 
16588638 243 
16588152 243 
8293833 729 
8293104 729 
16586208 243 
16578432 243 
8288730 729 
8287272 729 
4142178 2187 
8281440 729 
4139991 2187 
4137804 2187 
2066715 6561 
4129056 2187 
2060154 6561 
1023516 19683 
2047032 6561 
16547328 243 
8273421 729 
8272692 729 
4135617 2187 
8269776 729 
4133430 2187 
4129056 2187 
2060154 6561 
1023516 19683 
8258112 729 
8211456 729 
4104999 2187 
4102812 2187 
2047032 6561 
4094064 2187 
4059072 2187 
2027349 6561 
2020788 6561 
1003833 19683 
1994544 6561 
984150 19683 
472392 59049 
944784 19683 
16422912 243 
66355200 27 
132120576 9 
66060279 27 
66060252 27 
33030099 81 
66060144 27 
33030018 81 
33029856 81 
16514766 243 
66059712 27 
66057984 27 
33028965 81 
33028884 81 
16514280 243 
33028560 81 
33027264 81 
16513551 243 
16513308 243 
16512336 243 
8255925 729 
8255196 729 
4126869 2187 
66051072 27 
33025482 81 
33025320 81 
16512579 243 
16512336 243 
8255925 729 
33024672 81 
33022080 81 
16510878 243 
8255196 729 
16510392 243 
16508448 243 
8253738 729 
8252280 729 
4124682 2187 
2060154 6561 
33011712 81 
16505775 243 
16505532 243 
8252280 729 
16504560 243 
16500672 243 
8250093 729 
8249364 729 
8246448 729 
4122495 2187 
4120308 2187 
16485120 243 
8242074 729 
4120308 2187 
8240616 729 
8234784 729 
4115934 2187 
4111560 2187 
2053593 6561 
2047032 6561 
8211456 729 
4104999 2187 
4102812 2187 
2047032 6561 
4094064 2187 
4059072 2187 
2027349 6561 
2020788 6561 
1003833 19683 
1994544 6561 
984150 19683 
472392 59049 
944784 19683 
66023424 27 
65912832 27 
32956389 81 
32956308 81 
16478073 243 
32955984 81 
16477830 243 
16477344 243 
8238429 729 
8237700 729 
4118121 2187 
32954688 81 
32949504 81 
16474671 243 
16474428 243 
8236971 729 
16473456 243 
8236242 729 
8234784 729 
4115934 2187 
16469568 243 
32928768 81 
16464222 243 
8231868 729 
16463736 243 
16461792 243 
8230410 729 
8228952 729 
4113747 2187 
4111560 2187 
2053593 6561 
16454016 243 
8226765 729 
8226036 729 
4111560 2187 
2053593 6561 
8223120 729 
8211456 729 
4104999 2187 
4102812 2187 
2047032 6561 
4094064 2187 
16422912 243 
32845824 81 
65470464 27 
32735178 81 
16367508 243 
32735016 81 
32734368 81 
16367022 243 
16366536 243 
8183025 729 
8182296 729 
4089690 2187 
32731776 81 
16365807 243 
16365564 243 
8182296 729 
16364592 243 
16360704 243 
8180109 729 
8179380 729 
8176464 729 
4087503 2187 
4085316 2187 
2040471 6561 
32721408 81 
32679936 81 
16339806 243 
16339320 243 
8169174 729 
16337376 243 
8168445 729 
8167716 729 
4083129 2187 
8164800 729 
4080942 2187 
4076568 2187 
2033910 6561 
16329600 243 
16298496 243 
8148762 729 
8147304 729 
4072194 2187 
2033910 6561 
8141472 729 
4070007 2187 
4067820 2187 
4059072 2187 
2027349 6561 
2020788 6561 
1003833 19683 
8118144 729 
32514048 81 
16256943 243 
16256700 243 
16255728 243 
8127621 729 
8126892 729 
16251840 243 
8125434 729 
8123976 729 
4061259 2187 
4059072 2187 
2027349 6561 
8118144 729 
16236288 243 
16174080 243 
8086797 729 
8086068 729 
4041576 2187 
8083152 729 
8071488 729 
4035015 2187 
4032828 2187 
2014227 6561 
4024080 2187 
2007666 6561 
1994544 6561 
984150 19683 
472392 59049 
8024832 729 
4010958 2187 
4006584 2187 
2001105 6561 
1994544 6561 
984150 19683 
472392 59049 
3989088 2187 
3919104 2187 
1955178 6561 
1942056 6561 
964467 19683 
944784 19683 
1889568 6561 
15925248 243 
7962138 729 
3980340 2187 
7960680 729 
7954848 729 
3975966 2187 
3971592 2187 
1981422 6561 
984150 19683 
7931520 729 
3965031 2187 
3962844 2187 
3954096 2187 
1974861 6561 
1968300 6561 
3919104 2187 
1955178 6561 
1942056 6561 
964467 19683 
944784 19683 
1889568 6561 
7838208 729 
7464960 729 
3731022 2187 
1863324 6561 
3726648 2187 
3709152 2187 
1850202 6561 
1837080 6561 
905418 19683 
3639168 2187 
1817397 6561 
1810836 6561 
1784592 6561 
885735 19683 
866052 19683 
413343 59049 
1679616 6561 
826686 19683 
787320 19683 
354294 59049 
629856 19683 
295245 59049 
236196 59049 
3359232 2187 
31850496 81 
63700992 27 
264241152 3 
251658240 3 
125829117 9 
125829108 9 
62914536 27 
31457241 81 
125829072 9 
125828928 9 
62914455 27 
62914428 27 
31457160 81 
62914320 27 
125828352 9 
62914158 27 
62914104 27 
31456998 81 
15728418 243 
62913888 27 
31456917 81 
31456836 81 
31456512 81 
15728175 243 
15727932 243 
7863723 729 
62913024 27 
125826048 9 
125816832 9 
62908407 27 
62908380 27 
31454163 81 
62908272 27 
31454082 81 
15726960 243 
31453920 81 
62907840 27 
62906112 27 
31453029 81 
31452948 81 
31452624 81 
15726231 243 
15725988 243 
31451328 81 
15725502 243 
15725016 243 
7862265 729 
7861536 729 
3930039 2187 
15723072 243 
62899200 27 
31449546 81 
31449384 81 
15724530 243 
31448736 81 
15724287 243 
15724044 243 
7861536 729 
3930039 2187 
15723072 243 
31446144 81 
31435776 81 
15717726 243 
7858620 729 
15717240 243 
15715296 243 
7857162 729 
3927852 2187 
7855704 729 
15707520 243 
7853517 729 
7852788 729 
3925665 2187 
7849872 729 
3923478 2187 
3919104 2187 
1955178 6561 
7838208 729 
125779968 9 
62889966 27 
62889912 27 
31444929 81 
31444848 81 
15722343 243 
62889696 27 
62888832 27 
31444362 81 
15722100 243 
31444200 81 
31443552 81 
15721614 243 
15721128 243 
7860078 729 
62885376 27 
31442661 81 
31442580 81 
15721128 243 
31442256 81 
31440960 81 
15720399 243 
15720156 243 
15719184 243 
7859349 729 
7858620 729 
3927852 2187 
1961739 6561 
31435776 81 
15717726 243 
7858620 729 
15717240 243 
15715296 243 
7857162 729 
3927852 2187 
7855704 729 
15707520 243 
7853517 729 
7852788 729 
3925665 2187 
7849872 729 
3923478 2187 
3919104 2187 
1955178 6561 
7838208 729 
62871552 27 
62816256 27 
31408074 81 
31407912 81 
15703875 243 
15703632 243 
7851330 729 
31407264 81 
31404672 81 
15702174 243 
15701688 243 
7850601 729 
7849872 729 
3923478 2187 
15699744 243 
31394304 81 
15697071 243 
15696828 243 
15695856 243 
7847685 729 
7846956 729 
15691968 243 
7845498 729 
7844040 729 
3921291 2187 
3919104 2187 
1955178 6561 
7838208 729 
15676416 243 
31352832 81 
125632512 9 
125042688 9 
62521335 27 
62521308 27 
62521200 27 
31260573 81 
31260492 81 
62520768 27 
31260330 81 
31260168 81 
15630003 243 
15629760 243 
31259520 81 
62519040 27 
62512128 27 
31256037 81 
31255956 81 
15627816 243 
31255632 81 
31254336 81 
15627087 243 
15626844 243 
15625872 243 
7812693 729 
7811964 729 
31249152 81 
15624414 243 
7811964 729 
15623928 243 
15621984 243 
7810506 729 
7809048 729 
3903795 2187 
3901608 2187 
1948617 6561 
15614208 243 
7806861 729 
7806132 729 
3901608 2187 
1948617 6561 
7803216 729 
7791552 729 
3895047 2187 
3892860 2187 
1942056 6561 
964467 19683 
3884112 2187 
62484480 27 
31242186 81 
15621012 243 
31242024 81 
31241376 81 
15620526 243 
15620040 243 
7809777 729 
7809048 729 
3903795 2187 
31238784 81 
15619311 243 
15619068 243 
7809048 729 
3903795 2187 
15618096 243 
15614208 243 
7806861 729 
7806132 729 
3901608 2187 
1948617 6561 
7803216 729 
31228416 81 
31186944 81 
15593310 243 
15592824 243 
7795926 729 
3897234 2187 
15590880 243 
7795197 729 
7794468 729 
7791552 729 
3895047 2187 
3892860 2187 
1942056 6561 
964467 19683 
15583104 243 
15552000 243 
7775514 729 
7774056 729 
3886299 2187 
3884112 2187 
7768224 729 
7744896 729 
3870990 2187 
3866616 2187 
1928934 6561 
3849120 2187 
1922373 6561 
1915812 6561 
944784 19683 
1889568 6561 
62373888 27 
61931520 27 
30965733 81 
30965652 81 
15482745 243 
30965328 81 
15482502 243 
15482016 243 
7740522 729 
30964032 81 
30958848 81 
15479343 243 
15479100 243 
7739064 729 
3868803 2187 
15478128 243 
15474240 243 
7736877 729 
7736148 729 
3866616 2187 
7733232 729 
30938112 81 
15468894 243 
15468408 243 
7733961 729 
7733232 729 
15466464 243 
15458688 243 
7728858 729 
7727400 729 
3862242 2187 
1928934 6561 
7721568 729 
3860055 2187 
3857868 2187 
3849120 2187 
1922373 6561 
1915812 6561 
944784 19683 
15427584 243 
7713549 729 
7712820 729 
3855681 2187 
7709904 729 
3853494 2187 
3849120 2187 
1922373 6561 
1915812 6561 
944784 19683 
7698240 729 
7651584 729 
3825063 2187 
3822876 2187 
1909251 6561 
3814128 2187 
1902690 6561 
944784 19683 
1889568 6561 
3779136 2187 
30855168 81 
30523392 81 
15261615 243 
15261372 243 
7630443 729 
15260400 243 
7629714 729 
3814128 2187 
7628256 729 
15256512 243 
15240960 243 
7620237 729 
7619508 729 
7616592 729 
3807567 2187 
3805380 2187 
7604928 729 
3801006 2187 
3796632 2187 
1896129 6561 
1889568 6561 
3779136 2187 
15178752 243 
7588890 729 
7587432 729 
3792258 2187 
7581600 729 
3790071 2187 
3787884 2187 
1889568 6561 
3779136 2187 
7558272 729 
7464960 729 
3731022 2187 
1863324 6561 
3726648 2187 
3709152 2187 
1850202 6561 
1837080 6561 
905418 19683 
3639168 2187 
1817397 6561 
1810836 6561 
1784592 6561 
885735 19683 
866052 19683 
413343 59049 
1679616 6561 
826686 19683 
787320 19683 
354294 59049 
629856 19683 
295245 59049 
236196 59049 
14929920 243 
122683392 9 
61341678 27 
30670812 81 
61341624 27 
61341408 27 
30670650 81 
15335244 243 
30670488 81 
61340544 27 
30670245 81 
30670164 81 
15335001 243 
30669840 81 
15334758 243 
15334272 243 
7666893 729 
7666164 729 
3831624 2187 
30668544 81 
61337088 27 
61323264 27 
30661578 81 
30661416 81 
15330627 243 
15330384 243 
7664706 729 
3831624 2187 
30660768 81 
30658176 81 
15328926 243 
15328440 243 
7663977 729 
7663248 729 
15326496 243 
30647808 81 
15323823 243 
15323580 243 
15322608 243 
7661061 729 
7660332 729 
3829437 2187 
15318720 243 
7658874 729 
7657416 729 
3827250 2187 
7651584 729 
3825063 2187 
3822876 2187 
1909251 6561 
3814128 2187 
1902690 6561 
944784 19683 
1889568 6561 
15303168 243 
61267968 27 
30633957 81 
30633876 81 
15316776 243 
7658145 729 
30633552 81 
30632256 81 
15316047 243 
15315804 243 
7657416 729 
15314832 243 
30627072 81 
15313374 243 
15312888 243 
7655958 729 
3827250 2187 
15310944 243 
7655229 729 
7654500 729 
7651584 729 
3825063 2187 
3822876 2187 
1909251 6561 
15303168 243 
30606336 81 
30523392 81 
15261615 243 
15261372 243 
7630443 729 
15260400 243 
7629714 729 
3814128 2187 
7628256 729 
15256512 243 
15240960 243 
7620237 729 
7619508 729 
7616592 729 
3807567 2187 
3805380 2187 
7604928 729 
3801006 2187 
3796632 2187 
1896129 6561 
1889568 6561 
3779136 2187 
15178752 243 
7588890 729 
7587432 729 
3792258 2187 
7581600 729 
3790071 2187 
3787884 2187 
1889568 6561 
3779136 2187 
7558272 729 
7464960 729 
3731022 2187 
1863324 6561 
3726648 2187 
3709152 2187 
1850202 6561 
1837080 6561 
905418 19683 
3639168 2187 
1817397 6561 
1810836 6561 
1784592 6561 
885735 19683 
866052 19683 
413343 59049 
1679616 6561 
826686 19683 
787320 19683 
354294 59049 
629856 19683 
295245 59049 
236196 59049 
61046784 27 
60162048 27 
30080970 81 
30080808 81 
15040242 243 
30080160 81 
15039999 243 
15039756 243 
7519635 729 
15038784 243 
7518906 729 
7517448 729 
3757266 2187 
1876446 6561 
30077568 81 
30067200 81 
15033438 243 
15032952 243 
7515990 729 
3757266 2187 
15031008 243 
7515261 729 
7514532 729 
7511616 729 
3755079 2187 
3752892 2187 
15023232 243 
30025728 81 
15012783 243 
15012540 243 
7505784 729 
15011568 243 
15007680 243 
7503597 729 
7502868 729 
3750705 2187 
7499952 729 
3748518 2187 
3744144 2187 
1869885 6561 
1863324 6561 
925101 19683 
14992128 243 
7495578 729 
7494120 729 
3746331 2187 
3744144 2187 
1869885 6561 
7488288 729 
7464960 729 
3731022 2187 
1863324 6561 
3726648 2187 
3709152 2187 
1850202 6561 
1837080 6561 
905418 19683 
14929920 243 
29859840 81 
29196288 81 
14597982 243 
7298748 729 
14597496 243 
14595552 243 
7297290 729 
3647916 2187 
7295832 729 
14587776 243 
7293645 729 
7292916 729 
3645729 2187 
7290000 729 
3643542 2187 
3639168 2187 
1817397 6561 
1810836 6561 
7278336 729 
14556672 243 
14432256 243 
7215642 729 
7214184 729 
3606363 2187 
3604176 2187 
1797714 6561 
7208352 729 
7185024 729 
3591054 2187 
3586680 2187 
1791153 6561 
1784592 6561 
885735 19683 
3569184 2187 
7091712 729 
3545127 2187 
3542940 2187 
3534192 2187 
1764909 6561 
1758348 6561 
866052 19683 
413343 59049 
3499200 2187 
1745226 6561 
866052 19683 
1732104 6561 
1679616 6561 
826686 19683 
787320 19683 
354294 59049 
3359232 2187 
13934592 243 
6967053 729 
6966324 729 
3481704 2187 
1738665 6561 
6963408 729 
6951744 729 
3475143 2187 
3472956 2187 
1732104 6561 
3464208 2187 
6905088 729 
3451086 2187 
3446712 2187 
1718982 6561 
3429216 2187 
1712421 6561 
1705860 6561 
846369 19683 
1679616 6561 
826686 19683 
787320 19683 
354294 59049 
3359232 2187 
6718464 729 
5971968 729 
2985255 2187 
2983068 2187 
1489347 6561 
2974320 2187 
1482786 6561 
1469664 6561 
728271 19683 
708588 19683 
2939328 2187 
2799360 2187 
1397493 6561 
1390932 6561 
688905 19683 
1364688 6561 
669222 19683 
629856 19683 
295245 59049 
236196 59049 
1259712 6561 
2239488 2187 
1115370 6561 
551124 19683 
1102248 6561 
1049760 6561 
511758 19683 
236196 59049 
472392 19683 
839808 6561 
413343 19683 
393660 19683 
177147 59049 
314928 19683 
118098 59049 
56623104 27 
28311525 81 
28311444 81 
28311120 81 
14155479 243 
14155236 243 
7077132 729 
28309824 81 
14154750 243 
7077132 729 
14154264 243 
14152320 243 
7075674 729 
7074216 729 
3536379 2187 
3534192 2187 
1764909 6561 
28304640 81 
28283904 81 
14141871 243 
14141628 243 
7070571 729 
14140656 243 
7069842 729 
3534192 2187 
7068384 729 
14136768 243 
14121216 243 
7060365 729 
7059636 729 
7056720 729 
3527631 2187 
3525444 2187 
1758348 6561 
7045056 729 
3521070 2187 
1758348 6561 
3516696 2187 
3499200 2187 
1745226 6561 
866052 19683 
1732104 6561 
28200960 81 
14100318 243 
14099832 243 
7049430 729 
14097888 243 
7048701 729 
7047972 729 
3523257 2187 
7045056 729 
3521070 2187 
1758348 6561 
3516696 2187 
14090112 243 
14059008 243 
7029018 729 
7027560 729 
3512322 2187 
7021728 729 
3510135 2187 
3507948 2187 
1751787 6561 
3499200 2187 
1745226 6561 
866052 19683 
1732104 6561 
6998400 729 
13934592 243 
6967053 729 
6966324 729 
3481704 2187 
1738665 6561 
6963408 729 
6951744 729 
3475143 2187 
3472956 2187 
1732104 6561 
3464208 2187 
6905088 729 
3451086 2187 
3446712 2187 
1718982 6561 
3429216 2187 
1712421 6561 
1705860 6561 
846369 19683 
1679616 6561 
826686 19683 
787320 19683 
354294 59049 
3359232 2187 
6718464 729 
27869184 81 
26542080 81 
13270959 243 
13270716 243 
13269744 243 
6634629 729 
6633900 729 
3315492 2187 
13265856 243 
6632442 729 
3315492 2187 
6630984 729 
6625152 729 
3311118 2187 
1653372 6561 
3306744 2187 
13250304 243 
13188096 243 
6593805 729 
6593076 729 
3295809 2187 
6590160 729 
3293622 2187 
3289248 2187 
1640250 6561 
6578496 729 
6531840 729 
3265191 2187 
3263004 2187 
1627128 6561 
807003 19683 
3254256 2187 
3219264 2187 
1607445 6561 
1600884 6561 
787320 19683 
1574640 6561 
12939264 243 
6469146 729 
6467688 729 
3232386 2187 
1614006 6561 
6461856 729 
3230199 2187 
3228012 2187 
3219264 2187 
1607445 6561 
1600884 6561 
787320 19683 
6438528 729 
6345216 729 
3171150 2187 
3166776 2187 
1581201 6561 
1574640 6561 
3149280 2187 
3079296 2187 
1535274 6561 
1522152 6561 
747954 19683 
354294 59049 
1469664 6561 
728271 19683 
708588 19683 
629856 19683 
295245 59049 
236196 59049 
5971968 729 
2985255 2187 
2983068 2187 
1489347 6561 
2974320 2187 
1482786 6561 
1469664 6561 
728271 19683 
708588 19683 
2939328 2187 
2799360 2187 
1397493 6561 
1390932 6561 
688905 19683 
1364688 6561 
669222 19683 
629856 19683 
295245 59049 
236196 59049 
1259712 6561 
2239488 2187 
1115370 6561 
551124 19683 
1102248 6561 
1049760 6561 
511758 19683 
236196 59049 
472392 19683 
839808 6561 
413343 19683 
393660 19683 
177147 59049 
314928 19683 
118098 59049 
11943936 243 
21233664 81 
10616670 243 
10616184 243 
5307849 729 
5307120 729 
2652831 2187 
10614240 243 
10606464 243 
5302746 729 
2650644 2187 
5301288 729 
5295456 729 
2646270 2187 
2641896 2187 
1318761 6561 
1312200 6561 
649539 19683 
10575360 243 
5287437 729 
5286708 729 
2641896 2187 
1318761 6561 
5283792 729 
5272128 729 
2635335 2187 
2633148 2187 
1312200 6561 
649539 19683 
2624400 2187 
5225472 729 
2611278 2187 
2606904 2187 
1299078 6561 
2589408 2187 
1292517 6561 
1285956 6561 
629856 19683 
295245 59049 
1259712 6561 
2519424 2187 
10450944 243 
9953280 243 
4976154 729 
4974696 729 
2486619 2187 
2484432 2187 
1240029 6561 
4968864 729 
4945536 729 
2471310 2187 
1233468 6561 
2466936 2187 
2449440 2187 
1220346 6561 
1207224 6561 
590490 19683 
4852224 729 
2425383 2187 
2423196 2187 
1207224 6561 
2414448 2187 
2379456 2187 
1187541 6561 
1180980 6561 
1154736 6561 
570807 19683 
551124 19683 
236196 59049 
2239488 2187 
1115370 6561 
551124 19683 
1102248 6561 
1049760 6561 
511758 19683 
236196 59049 
472392 19683 
839808 6561 
413343 19683 
393660 19683 
177147 59049 
314928 19683 
118098 59049 
4478976 729 
7962624 243 
3981069 729 
3980340 729 
3977424 729 
1987983 2187 
1985796 2187 
990711 6561 
3965760 729 
1981422 2187 
1977048 2187 
984150 6561 
1959552 2187 
977589 6561 
971028 6561 
472392 19683 
944784 6561 
3919104 729 
3732480 729 
1865511 2187 
1863324 2187 
1854576 2187 
925101 6561 
918540 6561 
452709 19683 
1819584 2187 
905418 6561 
892296 6561 
433026 19683 
839808 6561 
413343 19683 
393660 19683 
177147 59049 
314928 19683 
118098 59049 
1679616 2187 
2985984 729 
1491534 2187 
1487160 2187 
741393 6561 
734832 6561 
354294 19683 
1469664 2187 
1399680 2187 
695466 6561 
682344 6561 
334611 19683 
314928 19683 
118098 59049 
629856 6561 
1119744 2187 
557685 6561 
551124 6561 
524880 6561 
255879 19683 
236196 19683 
419904 6561 
196830 19683 
157464 19683 
59049 59049 
113246208 9 
201326592 3 
100663290 9 
100663272 9 
50331618 27 
100663200 9 
50331591 27 
50331564 27 
25165728 81 
12582783 243 
50331456 27 
100662912 9 
100661760 9 
50330862 27 
25165404 81 
50330808 27 
50330592 27 
25165242 81 
12582540 243 
25165080 81 
50329728 27 
25164837 81 
25164756 81 
12582297 243 
25164432 81 
12582054 243 
12581568 243 
6290541 729 
6289812 729 
25163136 81 
100657152 9 
50328567 27 
50328540 27 
50328432 27 
25164189 81 
25164108 81 
50328000 27 
25163946 81 
25163784 81 
12581811 243 
12581568 243 
6290541 729 
25163136 81 
50326272 27 
50319360 27 
25159653 81 
25159572 81 
12579624 243 
25159248 81 
25157952 81 
12578895 243 
12578652 243 
6289083 729 
12577680 243 
6288354 729 
6286896 729 
3142719 2187 
3140532 2187 
1568079 6561 
25152768 81 
12576222 243 
12575736 243 
6287625 729 
6286896 729 
3142719 2187 
12573792 243 
12566016 243 
6282522 729 
3140532 2187 
6281064 729 
6275232 729 
3136158 2187 
3131784 2187 
1561518 6561 
100638720 9 
100564992 9 
50282478 27 
50282424 27 
25141185 81 
25141104 81 
12570390 243 
50282208 27 
50281344 27 
25140618 81 
25140456 81 
12570147 243 
12569904 243 
6284709 729 
25139808 81 
50277888 27 
25138917 81 
25138836 81 
25138512 81 
12569175 243 
12568932 243 
6283980 729 
25137216 81 
12568446 243 
6283980 729 
12567960 243 
12566016 243 
6282522 729 
3140532 2187 
6281064 729 
25132032 81 
50264064 27 
50208768 27 
25104330 81 
25104168 81 
12551922 243 
25103520 81 
12551679 243 
12551436 243 
6275232 729 
12550464 243 
25100928 81 
25090560 81 
12545118 243 
6272316 729 
12544632 243 
12542688 243 
6270858 729 
6269400 729 
3133971 2187 
3131784 2187 
1561518 6561 
12534912 243 
6267213 729 
6266484 729 
3131784 2187 
6263568 729 
6251904 729 
3125223 2187 
3123036 2187 
3114288 2187 
1554957 6561 
1548396 6561 
767637 19683 
25049088 81 
12524463 243 
12524220 243 
12523248 243 
6261381 729 
6260652 729 
3129597 2187 
12519360 243 
6259194 729 
6257736 729 
3127410 2187 
1561518 6561 
6251904 729 
3125223 2187 
3123036 2187 
3114288 2187 
1554957 6561 
1548396 6561 
767637 19683 
12503808 243 
12441600 243 
6220557 729 
6219828 729 
6216912 729 
3107727 2187 
3105540 2187 
1548396 6561 
767637 19683 
6205248 729 
3101166 2187 
1548396 6561 
3096792 2187 
3079296 2187 
1535274 6561 
1522152 6561 
747954 19683 
354294 59049 
6158592 729 
100270080 9 
50135031 27 
50135004 27 
25067475 81 
50134896 27 
25067394 81 
25067232 81 
12533454 243 
6266484 729 
50134464 27 
50132736 27 
25066341 81 
25066260 81 
12532968 243 
25065936 81 
25064640 81 
12532239 243 
12531996 243 
6265755 729 
12531024 243 
6265026 729 
3131784 2187 
6263568 729 
50125824 27 
25062858 81 
25062696 81 
12531267 243 
12531024 243 
6265026 729 
3131784 2187 
25062048 81 
25059456 81 
12529566 243 
12529080 243 
6264297 729 
6263568 729 
12527136 243 
25049088 81 
12524463 243 
12524220 243 
12523248 243 
6261381 729 
6260652 729 
3129597 2187 
12519360 243 
6259194 729 
6257736 729 
3127410 2187 
1561518 6561 
6251904 729 
3125223 2187 
3123036 2187 
3114288 2187 
1554957 6561 
1548396 6561 
767637 19683 
12503808 243 
50098176 27 
49987584 27 
24993765 81 
24993684 81 
12496761 243 
24993360 81 
12496518 243 
12496032 243 
6247530 729 
3123036 2187 
24992064 81 
24986880 81 
12493359 243 
12493116 243 
6246072 729 
12492144 243 
12488256 243 
6243885 729 
6243156 729 
3120849 2187 
6240240 729 
3118662 2187 
3114288 2187 
1554957 6561 
1548396 6561 
767637 19683 
24966144 81 
12482910 243 
12482424 243 
6240969 729 
6240240 729 
3118662 2187 
12480480 243 
12472704 243 
6235866 729 
6234408 729 
3116475 2187 
3114288 2187 
1554957 6561 
6228576 729 
12441600 243 
6220557 729 
6219828 729 
6216912 729 
3107727 2187 
3105540 2187 
1548396 6561 
767637 19683 
6205248 729 
3101166 2187 
1548396 6561 
3096792 2187 
3079296 2187 
1535274 6561 
1522152 6561 
747954 19683 
354294 59049 
6158592 729 
24883200 81 
49545216 27 
24772554 81 
12386196 243 
24772392 81 
24771744 81 
12385710 243 
12385224 243 
6192126 729 
24769152 81 
12384495 243 
12384252 243 
12383280 243 
6191397 729 
6190668 729 
3094605 2187 
12379392 243 
6189210 729 
6187752 729 
3092418 2187 
6181920 729 
3090231 2187 
3088044 2187 
1541835 6561 
3079296 2187 
1535274 6561 
1522152 6561 
747954 19683 
354294 59049 
24758784 81 
24717312 81 
12358494 243 
6179004 729 
12358008 243 
12356064 243 
6177546 729 
3088044 2187 
6176088 729 
12348288 243 
6173901 729 
6173172 729 
3085857 2187 
6170256 729 
3083670 2187 
3079296 2187 
1535274 6561 
6158592 729 
12317184 243 
24551424 81 
12275631 243 
12275388 243 
6137451 729 
12274416 243 
6136722 729 
6135264 729 
3066174 2187 
12270528 243 
12254976 243 
6127245 729 
6126516 729 
3061800 2187 
1528713 6561 
6123600 729 
6111936 729 
3055239 2187 
3053052 2187 
1522152 6561 
3044304 2187 
12192768 243 
6095898 729 
6094440 729 
3046491 2187 
3044304 2187 
6088608 729 
6065280 729 
3031182 2187 
3026808 2187 
1509030 6561 
747954 19683 
3009312 2187 
1502469 6561 
1495908 6561 
1469664 6561 
728271 19683 
708588 19683 
5971968 729 
2985255 2187 
2983068 2187 
1489347 6561 
2974320 2187 
1482786 6561 
1469664 6561 
728271 19683 
708588 19683 
2939328 2187 
2799360 2187 
1397493 6561 
1390932 6561 
688905 19683 
1364688 6561 
669222 19683 
629856 19683 
295245 59049 
236196 59049 
1259712 6561 
11943936 243 
23887872 81 
99090432 9 
94371840 9 
47185902 27 
47185848 27 
23592870 81 
47185632 27 
23592789 81 
23592708 81 
11796192 243 
23592384 81 
47184768 27 
47181312 27 
23590602 81 
11795220 243 
23590440 81 
23589792 81 
11794734 243 
11794248 243 
5896881 729 
5896152 729 
23587200 81 
11793519 243 
11793276 243 
5896152 729 
11792304 243 
11788416 243 
5893965 729 
5893236 729 
2945889 2187 
5890320 729 
2943702 2187 
1469664 6561 
2939328 2187 
47167488 27 
23583717 81 
23583636 81 
23583312 81 
11791575 243 
11791332 243 
5895423 729 
23582016 81 
11790846 243 
11790360 243 
5894694 729 
11788416 243 
5893965 729 
5893236 729 
2945889 2187 
5890320 729 
2943702 2187 
1469664 6561 
2939328 2187 
23576832 81 
23556096 81 
11777967 243 
11777724 243 
11776752 243 
5888133 729 
5887404 729 
11772864 243 
5885946 729 
5884488 729 
2941515 2187 
2939328 2187 
5878656 729 
11757312 243 
47112192 27 
46891008 27 
23445450 81 
23445288 81 
11722563 243 
11722320 243 
23444640 81 
23442048 81 
11720862 243 
11720376 243 
5859702 729 
11718432 243 
5858973 729 
5858244 729 
2928393 2187 
5855328 729 
2926206 2187 
2921832 2187 
1456542 6561 
23431680 81 
11715759 243 
11715516 243 
5857515 729 
11714544 243 
5856786 729 
5855328 729 
2926206 2187 
11710656 243 
11695104 243 
5847309 729 
5846580 729 
2921832 2187 
5843664 729 
5832000 729 
2915271 2187 
2913084 2187 
2904336 2187 
1449981 6561 
1443420 6561 
708588 19683 
23390208 81 
23224320 81 
11611998 243 
5805756 729 
11611512 243 
11609568 243 
5804298 729 
5802840 729 
2899962 2187 
11601792 243 
5800653 729 
5799924 729 
5797008 729 
2897775 2187 
2895588 2187 
1443420 6561 
5785344 729 
2891214 2187 
1443420 6561 
2886840 2187 
2869344 2187 
1430298 6561 
708588 19683 
1417176 6561 
11570688 243 
11446272 243 
5722650 729 
2860596 2187 
5721192 729 
5715360 729 
2856222 2187 
2851848 2187 
1423737 6561 
1417176 6561 
5692032 729 
2845287 2187 
2843100 2187 
1417176 6561 
2834352 2187 
2799360 2187 
1397493 6561 
1390932 6561 
688905 19683 
1364688 6561 
669222 19683 
629856 19683 
295245 59049 
236196 59049 
5598720 729 
46006272 27 
23003109 81 
23003028 81 
11501433 243 
23002704 81 
11501190 243 
5750352 729 
11500704 243 
23001408 81 
22996224 81 
11498031 243 
11497788 243 
11496816 243 
5748165 729 
5747436 729 
11492928 243 
5745978 729 
5744520 729 
2871531 2187 
2869344 2187 
1430298 6561 
708588 19683 
5738688 729 
22975488 81 
11487582 243 
11487096 243 
5743062 729 
11485152 243 
5742333 729 
5741604 729 
2869344 2187 
5738688 729 
11477376 243 
11446272 243 
5722650 729 
2860596 2187 
5721192 729 
5715360 729 
2856222 2187 
2851848 2187 
1423737 6561 
1417176 6561 
5692032 729 
2845287 2187 
2843100 2187 
1417176 6561 
2834352 2187 
2799360 2187 
1397493 6561 
1390932 6561 
688905 19683 
1364688 6561 
669222 19683 
629856 19683 
295245 59049 
236196 59049 
22892544 81 
22560768 81 
11280303 243 
11280060 243 
5639544 729 
2819043 2187 
11279088 243 
11275200 243 
5637357 729 
5636628 729 
2816856 2187 
5633712 729 
11259648 243 
5629338 729 
5627880 729 
2812482 2187 
1404054 6561 
5622048 729 
2810295 2187 
2808108 2187 
2799360 2187 
1397493 6561 
1390932 6561 
688905 19683 
5598720 729 
11197440 243 
10948608 243 
5474061 729 
5473332 729 
2735937 2187 
5470416 729 
2733750 2187 
1364688 6561 
2729376 2187 
5458752 729 
5412096 729 
2705319 2187 
2703132 2187 
2694384 2187 
1345005 6561 
1338444 6561 
2659392 2187 
1325322 6561 
1312200 6561 
649539 19683 
629856 19683 
295245 59049 
1259712 6561 
5225472 729 
2611278 2187 
2606904 2187 
1299078 6561 
2589408 2187 
1292517 6561 
1285956 6561 
629856 19683 
295245 59049 
1259712 6561 
2519424 2187 
2239488 2187 
1115370 6561 
551124 19683 
1102248 6561 
1049760 6561 
511758 19683 
236196 59049 
472392 19683 
839808 6561 
413343 19683 
393660 19683 
177147 59049 
314928 19683 
118098 59049 
21233664 81 
10616670 243 
10616184 243 
5307849 729 
5307120 729 
2652831 2187 
10614240 243 
10606464 243 
5302746 729 
2650644 2187 
5301288 729 
5295456 729 
2646270 2187 
2641896 2187 
1318761 6561 
1312200 6561 
649539 19683 
10575360 243 
5287437 729 
5286708 729 
2641896 2187 
1318761 6561 
5283792 729 
5272128 729 
2635335 2187 
2633148 2187 
1312200 6561 
649539 19683 
2624400 2187 
5225472 729 
2611278 2187 
2606904 2187 
1299078 6561 
2589408 2187 
1292517 6561 
1285956 6561 
629856 19683 
295245 59049 
1259712 6561 
2519424 2187 
10450944 243 
9953280 243 
4976154 729 
4974696 729 
2486619 2187 
2484432 2187 
1240029 6561 
4968864 729 
4945536 729 
2471310 2187 
1233468 6561 
2466936 2187 
2449440 2187 
1220346 6561 
1207224 6561 
590490 19683 
4852224 729 
2425383 2187 
2423196 2187 
1207224 6561 
2414448 2187 
2379456 2187 
1187541 6561 
1180980 6561 
1154736 6561 
570807 19683 
551124 19683 
236196 59049 
2239488 2187 
1115370 6561 
551124 19683 
1102248 6561 
1049760 6561 
511758 19683 
236196 59049 
472392 19683 
839808 6561 
413343 19683 
393660 19683 
177147 59049 
314928 19683 
118098 59049 
4478976 729 
7962624 243 
3981069 729 
3980340 729 
3977424 729 
1987983 2187 
1985796 2187 
990711 6561 
3965760 729 
1981422 2187 
1977048 2187 
984150 6561 
1959552 2187 
977589 6561 
971028 6561 
472392 19683 
944784 6561 
3919104 729 
3732480 729 
1865511 2187 
1863324 2187 
1854576 2187 
925101 6561 
918540 6561 
452709 19683 
1819584 2187 
905418 6561 
892296 6561 
433026 19683 
839808 6561 
413343 19683 
393660 19683 
177147 59049 
314928 19683 
118098 59049 
1679616 2187 
2985984 729 
1491534 2187 
1487160 2187 
741393 6561 
734832 6561 
354294 19683 
1469664 2187 
1399680 2187 
695466 6561 
682344 6561 
334611 19683 
314928 19683 
118098 59049 
629856 6561 
1119744 2187 
557685 6561 
551124 6561 
524880 6561 
255879 19683 
236196 19683 
419904 6561 
196830 19683 
157464 19683 
59049 59049 
42467328 27 
75497472 9 
37748727 27 
37748700 27 
18874296 81 
37748592 27 
37748160 27 
18874053 81 
18873972 81 
9436905 243 
18873648 81 
9436662 243 
4718088 729 
9436176 243 
37746432 27 
18873162 81 
18873000 81 
9436419 243 
9436176 243 
18872352 81 
18869760 81 
9434718 243 
9434232 243 
4716630 729 
2357586 2187 
9432288 243 
4715901 729 
4715172 729 
4712256 729 
2355399 2187 
2353212 2187 
1174419 6561 
37739520 27 
37711872 27 
18855909 81 
18855828 81 
18855504 81 
9427671 243 
9427428 243 
18854208 81 
9426942 243 
9426456 243 
4712985 729 
4712256 729 
2355399 2187 
9424512 243 
18849024 81 
18828288 81 
9414063 243 
9413820 243 
4706424 729 
9412848 243 
9408960 243 
4704237 729 
4703508 729 
2351025 2187 
4700592 729 
2348838 2187 
2344464 2187 
1167858 6561 
9393408 243 
4696218 729 
4694760 729 
2346651 2187 
2344464 2187 
1167858 6561 
4688928 729 
4665600 729 
2331342 2187 
2326968 2187 
1161297 6561 
1154736 6561 
570807 19683 
2309472 2187 
37601280 27 
18800586 81 
9400212 243 
18800424 81 
18799776 81 
9399726 243 
9399240 243 
4699134 729 
2348838 2187 
18797184 81 
9398511 243 
9398268 243 
9397296 243 
4698405 729 
4697676 729 
9393408 243 
4696218 729 
4694760 729 
2346651 2187 
2344464 2187 
1167858 6561 
4688928 729 
18786816 81 
18745344 81 
9372510 243 
4686012 729 
9372024 243 
9370080 243 
4684554 729 
4683096 729 
2340090 2187 
1167858 6561 
9362304 243 
4680909 729 
4680180 729 
4677264 729 
2337903 2187 
2335716 2187 
4665600 729 
2331342 2187 
2326968 2187 
1161297 6561 
1154736 6561 
570807 19683 
2309472 2187 
9331200 243 
18579456 81 
9289647 243 
9289404 243 
4644459 729 
9288432 243 
4643730 729 
4642272 729 
2320407 2187 
2318220 2187 
1154736 6561 
570807 19683 
9284544 243 
9268992 243 
4634253 729 
4633524 729 
2316033 2187 
4630608 729 
2313846 2187 
1154736 6561 
2309472 2187 
4618944 729 
9206784 243 
4602906 729 
2300724 2187 
4601448 729 
4595616 729 
2296350 2187 
2291976 2187 
1141614 6561 
4572288 729 
2285415 2187 
2283228 2187 
2274480 2187 
1135053 6561 
1128492 6561 
551124 19683 
2239488 2187 
1115370 6561 
551124 19683 
1102248 6561 
1049760 6561 
511758 19683 
236196 59049 
472392 19683 
4478976 729 
8957952 243 
37158912 27 
35389440 27 
17694693 81 
17694612 81 
8847144 243 
17694288 81 
17692992 81 
8846415 243 
8846172 243 
4422843 729 
8845200 243 
4422114 729 
4420656 729 
2208870 2187 
1102248 6561 
17687808 81 
8843742 243 
8843256 243 
4421385 729 
4420656 729 
2208870 2187 
1102248 6561 
8841312 243 
8833536 243 
4416282 729 
4414824 729 
2206683 2187 
2204496 2187 
4408992 729 
17667072 81 
17584128 81 
8791983 243 
8791740 243 
8790768 243 
4395141 729 
4394412 729 
2195748 2187 
1095687 6561 
8786880 243 
4392954 729 
2195748 2187 
4391496 729 
4385664 729 
2191374 2187 
2187000 2187 
1089126 6561 
8771328 243 
8709120 243 
4354317 729 
4353588 729 
2176065 2187 
4350672 729 
2173878 2187 
2169504 2187 
1082565 6561 
1076004 6561 
531441 19683 
4339008 729 
4292352 729 
2145447 2187 
2143260 2187 
1069443 6561 
2134512 2187 
1062882 6561 
1049760 6561 
511758 19683 
236196 59049 
2099520 2187 
17252352 81 
8626014 243 
4312764 729 
8625528 243 
8623584 243 
4311306 729 
4309848 729 
2154195 2187 
2152008 2187 
8615808 243 
4307661 729 
4306932 729 
2152008 2187 
4304016 729 
4292352 729 
2145447 2187 
2143260 2187 
1069443 6561 
2134512 2187 
1062882 6561 
1049760 6561 
511758 19683 
236196 59049 
8584704 243 
8460288 243 
4229658 729 
4228200 729 
2112642 2187 
4222368 729 
2110455 2187 
2108268 2187 
1049760 6561 
2099520 2187 
4199040 729 
4105728 729 
2051406 2187 
1023516 6561 
2047032 2187 
2029536 2187 
1010394 6561 
997272 6561 
492075 19683 
472392 19683 
1959552 2187 
977589 6561 
971028 6561 
472392 19683 
944784 6561 
839808 6561 
413343 19683 
393660 19683 
177147 59049 
314928 19683 
118098 59049 
7962624 243 
3981069 729 
3980340 729 
3977424 729 
1987983 2187 
1985796 2187 
990711 6561 
3965760 729 
1981422 2187 
1977048 2187 
984150 6561 
1959552 2187 
977589 6561 
971028 6561 
472392 19683 
944784 6561 
3919104 729 
3732480 729 
1865511 2187 
1863324 2187 
1854576 2187 
925101 6561 
918540 6561 
452709 19683 
1819584 2187 
905418 6561 
892296 6561 
433026 19683 
839808 6561 
413343 19683 
393660 19683 
177147 59049 
314928 19683 
118098 59049 
1679616 2187 
2985984 729 
1491534 2187 
1487160 2187 
741393 6561 
734832 6561 
354294 19683 
1469664 2187 
1399680 2187 
695466 6561 
682344 6561 
334611 19683 
314928 19683 
118098 59049 
629856 6561 
1119744 2187 
557685 6561 
551124 6561 
524880 6561 
255879 19683 
236196 19683 
419904 6561 
196830 19683 
157464 19683 
59049 59049 
15925248 81 
28311552 27 
14155722 81 
14155560 81 
7077618 243 
3538566 729 
14154912 81 
7077375 243 
7077132 243 
7076160 243 
3537837 729 
3537108 729 
1767096 2187 
14152320 81 
14141952 81 
7070814 243 
7070328 243 
3534921 729 
3534192 729 
7068384 243 
7060608 243 
3529818 729 
3528360 729 
1762722 2187 
879174 6561 
3522528 729 
1760535 2187 
1758348 2187 
1749600 2187 
872613 6561 
866052 6561 
14100480 81 
7050159 243 
7049916 243 
3524715 729 
7048944 243 
3523986 729 
3522528 729 
1760535 2187 
1758348 2187 
7045056 243 
7029504 243 
3514509 729 
3513780 729 
1756161 2187 
3510864 729 
1753974 2187 
1749600 2187 
872613 6561 
866052 6561 
3499200 729 
6967296 243 
3483162 729 
1740852 2187 
3481704 729 
3475872 729 
1736478 2187 
866052 6561 
1732104 2187 
3452544 729 
1725543 2187 
1723356 2187 
859491 6561 
1714608 2187 
852930 6561 
839808 6561 
413343 19683 
393660 19683 
177147 59049 
1679616 2187 
3359232 729 
13934592 81 
13271040 81 
6635358 243 
6634872 243 
3316950 729 
1657746 2187 
6632928 243 
3316221 729 
3315492 729 
3312576 729 
1655559 2187 
1653372 2187 
6625152 243 
6594048 243 
3296538 729 
3295080 729 
1646811 2187 
1644624 2187 
820125 6561 
3289248 729 
3265920 729 
1631502 2187 
813564 6561 
1627128 2187 
1609632 2187 
800442 6561 
393660 19683 
787320 6561 
6469632 243 
3234573 729 
3233844 729 
1616193 2187 
3230928 729 
1614006 2187 
1609632 2187 
800442 6561 
393660 19683 
3219264 729 
3172608 729 
1585575 2187 
1583388 2187 
787320 6561 
1574640 2187 
1539648 2187 
767637 6561 
761076 6561 
373977 19683 
734832 6561 
354294 19683 
314928 19683 
118098 59049 
2985984 729 
1491534 2187 
1487160 2187 
741393 6561 
734832 6561 
354294 19683 
1469664 2187 
1399680 2187 
695466 6561 
682344 6561 
334611 19683 
314928 19683 
118098 59049 
629856 6561 
1119744 2187 
557685 6561 
551124 6561 
524880 6561 
255879 19683 
236196 19683 
419904 6561 
196830 19683 
157464 19683 
59049 59049 
5971968 243 
10616832 81 
5308335 243 
5308092 243 
2653560 729 
5307120 243 
5303232 243 
2651373 729 
2650644 729 
2647728 729 
1323135 2187 
1320948 2187 
656100 6561 
5287680 243 
2643354 729 
1320948 2187 
2641896 729 
2636064 729 
1316574 2187 
656100 6561 
1312200 2187 
2612736 729 
1305639 2187 
1303452 2187 
649539 6561 
1294704 2187 
642978 6561 
314928 19683 
629856 6561 
1259712 2187 
5225472 243 
4976640 243 
2488077 729 
2487348 729 
1242216 2187 
2484432 729 
2472768 729 
1235655 2187 
1233468 2187 
1224720 2187 
610173 6561 
603612 6561 
295245 19683 
2426112 729 
1211598 2187 
603612 6561 
1207224 2187 
1189728 2187 
590490 6561 
577368 6561 
275562 19683 
118098 59049 
1119744 2187 
557685 6561 
551124 6561 
524880 6561 
255879 19683 
236196 19683 
419904 6561 
196830 19683 
157464 19683 
59049 59049 
2239488 729 
3981312 243 
1990170 729 
1988712 729 
992898 2187 
1982880 729 
990711 2187 
988524 2187 
492075 6561 
979776 2187 
485514 6561 
236196 19683 
472392 6561 
1959552 729 
1866240 729 
931662 2187 
927288 2187 
459270 6561 
909792 2187 
452709 6561 
446148 6561 
216513 19683 
419904 6561 
196830 19683 
157464 19683 
59049 59049 
839808 2187 
1492992 729 
745767 2187 
743580 2187 
367416 6561 
177147 19683 
734832 2187 
699840 2187 
347733 6561 
341172 6561 
157464 19683 
59049 59049 
314928 6561 
559872 2187 
275562 6561 
262440 6561 
118098 19683 
209952 6561 
98415 19683 
78732 19683 
