1073741824 1 
536870910 3 
536870904 3 
268435449 9 
268435440 9 
134217702 27 
67108824 81 
536870880 3 
536870784 3 
268435386 9 
268435368 9 
134217675 27 
134217648 27 
268435296 9 
536870400 3 
268435197 9 
268435188 9 
268435152 9 
134217567 27 
134217540 27 
67108743 81 
268435008 9 
134217486 27 
134217432 27 
67108662 81 
134217216 27 
67108581 81 
67108500 81 
33554169 243 
67108176 81 
33553926 243 
33553440 243 
16776477 729 
16775748 729 
8387145 2187 
268434432 9 
536868864 3 
536862720 3 
268431354 9 
268431336 9 
134215650 27 
268431264 9 
134215623 27 
134215596 27 
67107771 81 
134215488 27 
67107690 81 
67107528 81 
33553683 243 
33553440 243 
16776477 729 
268430976 9 
268429824 9 
134214894 27 
134214840 27 
67107366 81 
134214624 27 
67107285 81 
67107204 81 
33553440 243 
16776477 729 
67106880 81 
134213760 27 
268425216 9 
134212599 27 
134212572 27 
67106232 81 
134212464 27 
134212032 27 
67105989 81 
67105908 81 
67105584 81 
33552711 243 
33552468 243 
16775748 729 
8387145 2187 
134210304 27 
67105098 81 
33552468 243 
67104936 81 
67104288 81 
33551982 243 
16775748 729 
33551496 243 
67101696 81 
33550767 243 
33550524 243 
16775019 729 
33549552 243 
16774290 729 
16772832 729 
8384958 2187 
33545664 243 
134203392 27 
536838144 3 
268419069 9 
268419060 9 
134209521 27 
268419024 9 
134209494 27 
134209440 27 
67104693 81 
67104612 81 
33552225 243 
268418880 9 
268418304 9 
134209143 27 
134209116 27 
67104531 81 
134209008 27 
67104450 81 
67104288 81 
33551982 243 
16775748 729 
134208576 27 
268416000 9 
134207982 27 
67103964 81 
134207928 27 
134207712 27 
67103802 81 
67103640 81 
33551739 243 
33551496 243 
134206848 27 
67103397 81 
67103316 81 
33551496 243 
67102992 81 
67101696 81 
33550767 243 
33550524 243 
16775019 729 
33549552 243 
16774290 729 
16772832 729 
8384958 2187 
134203392 27 
268406784 9 
268369920 9 
134184951 27 
134184924 27 
134184816 27 
67092381 81 
67092300 81 
134184384 27 
67092138 81 
67091976 81 
33545907 243 
33545664 243 
67091328 81 
134182656 27 
134175744 27 
67087845 81 
67087764 81 
33543720 243 
67087440 81 
67086144 81 
33542991 243 
33542748 243 
33541776 243 
16770645 729 
16769916 729 
67080960 81 
33540318 243 
16769916 729 
33539832 243 
33537888 243 
16768458 729 
16767000 729 
8382771 2187 
8380584 2187 
4185918 6561 
2086398 19683 
33530112 243 
16764813 729 
16764084 729 
8380584 2187 
16761168 729 
16749504 729 
8374023 2187 
8371836 2187 
8363088 2187 
4179357 6561 
4172796 6561 
134148096 27 
67073994 81 
33536916 243 
67073832 81 
67073184 81 
33536430 243 
33535944 243 
16767729 729 
16767000 729 
8382771 2187 
67070592 81 
33535215 243 
33534972 243 
16767000 729 
8382771 2187 
33534000 243 
33530112 243 
16764813 729 
16764084 729 
8380584 2187 
16761168 729 
67060224 81 
67018752 81 
33509214 243 
33508728 243 
16753878 729 
8376210 2187 
33506784 243 
16753149 729 
16752420 729 
16749504 729 
8374023 2187 
8371836 2187 
33499008 243 
33467904 243 
16733466 729 
16732008 729 
8365275 2187 
8363088 2187 
4179357 6561 
16726176 729 
16702848 729 
8349966 2187 
4172796 6561 
8345592 2187 
8328096 2187 
4159674 6561 
4146552 6561 
2066715 19683 
2047032 19683 
1003833 59049 
536739840 3 
536346624 3 
268173306 9 
134086644 27 
268173288 9 
268173216 9 
134086590 27 
134086536 27 
67043214 81 
268172928 9 
134086455 27 
134086428 27 
134086320 27 
67043133 81 
67043052 81 
33521364 243 
16760439 729 
134085888 27 
67042890 81 
33521364 243 
67042728 81 
67042080 81 
33520878 243 
33520392 243 
16759710 729 
268171776 9 
268167168 9 
134083566 27 
67041756 81 
134083512 27 
134083296 27 
67041594 81 
67041432 81 
33520635 243 
33520392 243 
16759710 729 
134082432 27 
67041189 81 
67041108 81 
33520392 243 
67040784 81 
67039488 81 
33519663 243 
33519420 243 
33518448 243 
16758981 729 
16758252 729 
8378397 2187 
134078976 27 
268148736 9 
134074359 27 
134074332 27 
67037139 81 
134074224 27 
67037058 81 
33518448 243 
67036896 81 
134073792 27 
134072064 27 
67036005 81 
67035924 81 
67035600 81 
33517719 243 
33517476 243 
16758252 729 
8378397 2187 
67034304 81 
33516990 243 
16758252 729 
33516504 243 
33514560 243 
16756794 729 
16755336 729 
8376210 2187 
4185918 6561 
134065152 27 
67032522 81 
67032360 81 
33516018 243 
67031712 81 
33515775 243 
33515532 243 
16757523 729 
33514560 243 
16756794 729 
16755336 729 
8376210 2187 
4185918 6561 
67029120 81 
67018752 81 
33509214 243 
33508728 243 
16753878 729 
8376210 2187 
33506784 243 
16753149 729 
16752420 729 
16749504 729 
8374023 2187 
8371836 2187 
33499008 243 
134037504 27 
268075008 9 
267780096 9 
133890030 27 
133889976 27 
66944961 81 
66944880 81 
33472278 243 
133889760 27 
133888896 27 
66944394 81 
66944232 81 
33472035 243 
33471792 243 
16735653 729 
66943584 81 
133885440 27 
66942693 81 
66942612 81 
66942288 81 
33471063 243 
33470820 243 
16734924 729 
66940992 81 
33470334 243 
16734924 729 
33469848 243 
33467904 243 
16733466 729 
16732008 729 
8365275 2187 
8363088 2187 
4179357 6561 
66935808 81 
133871616 27 
133816320 27 
66908106 81 
66907944 81 
33453810 243 
66907296 81 
33453567 243 
33453324 243 
16726176 729 
33452352 243 
66904704 81 
66894336 81 
33447006 243 
16723260 729 
33446520 243 
33444576 243 
16721802 729 
16720344 729 
8358714 2187 
33436800 243 
16718157 729 
16717428 729 
16714512 729 
8356527 2187 
8354340 2187 
4172796 6561 
16702848 729 
8349966 2187 
4172796 6561 
8345592 2187 
8328096 2187 
4159674 6561 
4146552 6561 
2066715 19683 
2047032 19683 
1003833 59049 
66852864 81 
33426351 243 
33426108 243 
33425136 243 
16712325 729 
16711596 729 
8354340 2187 
33421248 243 
16710138 729 
8354340 2187 
16708680 729 
16702848 729 
8349966 2187 
4172796 6561 
8345592 2187 
33405696 243 
33343488 243 
16671501 729 
16670772 729 
8334657 2187 
16667856 729 
8332470 2187 
8328096 2187 
4159674 6561 
16656192 729 
16609536 729 
8304039 2187 
8301852 2187 
4146552 6561 
2066715 19683 
8293104 2187 
8258112 2187 
4126869 6561 
4120308 6561 
2047032 19683 
1003833 59049 
4094064 6561 
133595136 27 
66797541 81 
66797460 81 
33398649 243 
66797136 81 
33398406 243 
33397920 243 
16698474 729 
66795840 81 
66790656 81 
33395247 243 
33395004 243 
16697016 729 
8347779 2187 
33394032 243 
33390144 243 
16694829 729 
16694100 729 
8345592 2187 
16691184 729 
66769920 81 
33384798 243 
33384312 243 
16691913 729 
16691184 729 
33382368 243 
33374592 243 
16686810 729 
16685352 729 
8341218 2187 
16679520 729 
8339031 2187 
8336844 2187 
4166235 6561 
8328096 2187 
4159674 6561 
4146552 6561 
2066715 19683 
2047032 19683 
1003833 59049 
33343488 243 
16671501 729 
16670772 729 
8334657 2187 
16667856 729 
8332470 2187 
8328096 2187 
4159674 6561 
16656192 729 
16609536 729 
8304039 2187 
8301852 2187 
4146552 6561 
2066715 19683 
8293104 2187 
8258112 2187 
4126869 6561 
4120308 6561 
2047032 19683 
1003833 59049 
4094064 6561 
66686976 81 
66355200 81 
33177519 243 
33177276 243 
16588395 729 
33176304 243 
16587666 729 
8293104 2187 
16586208 729 
33172416 243 
33156864 243 
16578189 729 
16577460 729 
16574544 729 
8286543 2187 
8284356 2187 
4139991 6561 
16562880 729 
8279982 2187 
8275608 2187 
4133430 6561 
8258112 2187 
4126869 6561 
4120308 6561 
2047032 19683 
1003833 59049 
4094064 6561 
33094656 243 
16546842 729 
16545384 729 
8271234 2187 
4133430 6561 
16539552 729 
8269047 2187 
8266860 2187 
8258112 2187 
4126869 6561 
4120308 6561 
2047032 19683 
1003833 59049 
16516224 729 
16422912 729 
8209998 2187 
8205624 2187 
4100625 6561 
4094064 6561 
8188128 2187 
8118144 2187 
4054698 6561 
4041576 6561 
2007666 19683 
3989088 6561 
1987983 19683 
1968300 19683 
944784 59049 
1889568 19683 
32845824 243 
534773760 3 
267386877 9 
267386868 9 
133693416 27 
267386832 9 
267386688 9 
133693335 27 
133693308 27 
66846627 81 
133693200 27 
66846546 81 
33423192 243 
66846384 81 
267386112 9 
133693038 27 
133692984 27 
66846465 81 
66846384 81 
133692768 27 
133691904 27 
66845898 81 
66845736 81 
33422706 243 
66845088 81 
33422463 243 
33422220 243 
16710867 729 
33421248 243 
16710138 729 
8354340 2187 
16708680 729 
267383808 9 
267374592 9 
133687287 27 
133687260 27 
133687152 27 
66843549 81 
66843468 81 
133686720 27 
66843306 81 
66843144 81 
33421491 243 
33421248 243 
16710138 729 
8354340 2187 
66842496 81 
133684992 27 
133678080 27 
66839013 81 
66838932 81 
33419304 243 
16709409 729 
66838608 81 
66837312 81 
33418575 243 
33418332 243 
16708680 729 
33417360 243 
66832128 81 
33415902 243 
33415416 243 
16707222 729 
33413472 243 
16706493 729 
16705764 729 
8352153 2187 
16702848 729 
8349966 2187 
4172796 6561 
8345592 2187 
33405696 243 
267337728 9 
133668846 27 
66834396 81 
133668792 27 
133668576 27 
66834234 81 
66834072 81 
33416874 243 
133667712 27 
66833829 81 
66833748 81 
66833424 81 
33416631 243 
33416388 243 
16707951 729 
66832128 81 
33415902 243 
33415416 243 
16707222 729 
33413472 243 
16706493 729 
16705764 729 
8352153 2187 
16702848 729 
8349966 2187 
4172796 6561 
8345592 2187 
133664256 27 
133650432 27 
66825162 81 
33412500 243 
66825000 81 
66824352 81 
33412014 243 
16705764 729 
33411528 243 
66821760 81 
33410799 243 
33410556 243 
16705035 729 
33409584 243 
16704306 729 
16702848 729 
8349966 2187 
4172796 6561 
33405696 243 
66811392 81 
133595136 27 
66797541 81 
66797460 81 
33398649 243 
66797136 81 
33398406 243 
33397920 243 
16698474 729 
66795840 81 
66790656 81 
33395247 243 
33395004 243 
16697016 729 
8347779 2187 
33394032 243 
33390144 243 
16694829 729 
16694100 729 
8345592 2187 
16691184 729 
66769920 81 
33384798 243 
33384312 243 
16691913 729 
16691184 729 
33382368 243 
33374592 243 
16686810 729 
16685352 729 
8341218 2187 
16679520 729 
8339031 2187 
8336844 2187 
4166235 6561 
8328096 2187 
4159674 6561 
4146552 6561 
2066715 19683 
2047032 19683 
1003833 59049 
33343488 243 
16671501 729 
16670772 729 
8334657 2187 
16667856 729 
8332470 2187 
8328096 2187 
4159674 6561 
16656192 729 
16609536 729 
8304039 2187 
8301852 2187 
4146552 6561 
2066715 19683 
8293104 2187 
8258112 2187 
4126869 6561 
4120308 6561 
2047032 19683 
1003833 59049 
4094064 6561 
66686976 81 
267190272 9 
266600448 9 
133300215 27 
133300188 27 
66650040 81 
133300080 27 
133299648 27 
66649797 81 
66649716 81 
33324777 243 
66649392 81 
33324534 243 
16662024 729 
33324048 243 
133297920 27 
66648906 81 
66648744 81 
33324291 243 
33324048 243 
66648096 81 
66645504 81 
33322590 243 
33322104 243 
16660566 729 
33320160 243 
16659837 729 
16659108 729 
8328096 2187 
16656192 729 
133291008 27 
133263360 27 
66631653 81 
66631572 81 
66631248 81 
33315543 243 
33315300 243 
66629952 81 
33314814 243 
33314328 243 
16656921 729 
16656192 729 
33312384 243 
66624768 81 
66604032 81 
33301935 243 
33301692 243 
16650360 729 
33300720 243 
33296832 243 
16648173 729 
16647444 729 
16644528 729 
8321535 2187 
8319348 2187 
33281280 243 
16640154 729 
8319348 2187 
16638696 729 
16632864 729 
8314974 2187 
8310600 2187 
4153113 6561 
4146552 6561 
2066715 19683 
16609536 729 
8304039 2187 
8301852 2187 
4146552 6561 
2066715 19683 
8293104 2187 
8258112 2187 
4126869 6561 
4120308 6561 
2047032 19683 
1003833 59049 
4094064 6561 
133152768 27 
66576330 81 
33288084 243 
66576168 81 
66575520 81 
33287598 243 
33287112 243 
16643070 729 
66572928 81 
33286383 243 
33286140 243 
33285168 243 
16642341 729 
16641612 729 
8319348 2187 
33281280 243 
16640154 729 
8319348 2187 
16638696 729 
16632864 729 
8314974 2187 
8310600 2187 
4153113 6561 
4146552 6561 
2066715 19683 
66562560 81 
66521088 81 
33260382 243 
16629948 729 
33259896 243 
33257952 243 
16628490 729 
16627032 729 
8312787 2187 
8310600 2187 
4153113 6561 
33250176 243 
16624845 729 
16624116 729 
8310600 2187 
4153113 6561 
16621200 729 
16609536 729 
8304039 2187 
8301852 2187 
4146552 6561 
2066715 19683 
8293104 2187 
33219072 243 
66355200 81 
33177519 243 
33177276 243 
16588395 729 
33176304 243 
16587666 729 
8293104 2187 
16586208 729 
33172416 243 
33156864 243 
16578189 729 
16577460 729 
16574544 729 
8286543 2187 
8284356 2187 
4139991 6561 
16562880 729 
8279982 2187 
8275608 2187 
4133430 6561 
8258112 2187 
4126869 6561 
4120308 6561 
2047032 19683 
1003833 59049 
4094064 6561 
33094656 243 
16546842 729 
16545384 729 
8271234 2187 
4133430 6561 
16539552 729 
8269047 2187 
8266860 2187 
8258112 2187 
4126869 6561 
4120308 6561 
2047032 19683 
1003833 59049 
16516224 729 
16422912 729 
8209998 2187 
8205624 2187 
4100625 6561 
4094064 6561 
8188128 2187 
8118144 2187 
4054698 6561 
4041576 6561 
2007666 19683 
3989088 6561 
1987983 19683 
1968300 19683 
944784 59049 
1889568 19683 
32845824 243 
132710400 27 
264241152 9 
132120558 27 
132120504 27 
66060198 81 
33030018 243 
132120288 27 
66060117 81 
66060036 81 
66059712 81 
33029775 243 
33029532 243 
132119424 27 
132115968 27 
66057930 81 
66057768 81 
33028803 243 
33028560 243 
16514037 729 
66057120 81 
66054528 81 
33027102 243 
16513308 729 
33026616 243 
33024672 243 
16511850 729 
16510392 729 
8253738 2187 
132102144 27 
66051045 81 
66050964 81 
33025401 243 
66050640 81 
33025158 243 
33024672 243 
16511850 729 
66049344 81 
66044160 81 
33021999 243 
33021756 243 
16510392 729 
33020784 243 
33016896 243 
16508205 729 
16507476 729 
16504560 729 
8251551 2187 
8249364 2187 
4120308 6561 
66023424 81 
33011550 243 
33011064 243 
16505289 729 
16504560 729 
8251551 2187 
33009120 243 
33001344 243 
16500186 729 
8249364 2187 
16498728 729 
16492896 729 
8244990 2187 
4120308 6561 
8240616 2187 
32970240 243 
16484877 729 
16484148 729 
8240616 2187 
16481232 729 
16469568 729 
8234055 2187 
8231868 2187 
4113747 6561 
8223120 2187 
4107186 6561 
2047032 19683 
4094064 6561 
16422912 729 
8209998 2187 
8205624 2187 
4100625 6561 
4094064 6561 
8188128 2187 
8118144 2187 
4054698 6561 
4041576 6561 
2007666 19683 
3989088 6561 
1987983 19683 
1968300 19683 
944784 59049 
1889568 19683 
132046848 27 
131825664 27 
65912778 81 
65912616 81 
32956146 243 
65911968 81 
32955903 243 
32955660 243 
16477587 729 
32954688 243 
16476858 729 
16475400 729 
8236242 2187 
65909376 81 
65899008 81 
32949342 243 
32948856 243 
16473942 729 
8236242 2187 
32946912 243 
16473213 729 
16472484 729 
16469568 729 
8234055 2187 
8231868 2187 
4113747 6561 
32939136 243 
65857536 81 
32928687 243 
32928444 243 
16463736 729 
32927472 243 
32923584 243 
16461549 729 
16460820 729 
8229681 2187 
16457904 729 
8227494 2187 
8223120 2187 
4107186 6561 
2047032 19683 
32908032 243 
16453530 729 
16452072 729 
8225307 2187 
8223120 2187 
4107186 6561 
2047032 19683 
16446240 729 
16422912 729 
8209998 2187 
8205624 2187 
4100625 6561 
4094064 6561 
8188128 2187 
32845824 243 
65691648 81 
130940928 27 
65470437 81 
65470356 81 
32735016 243 
65470032 81 
65468736 81 
32734287 243 
32734044 243 
16366779 729 
32733072 243 
16366050 729 
16364592 729 
8181567 2187 
8179380 2187 
4087503 6561 
65463552 81 
32731614 243 
32731128 243 
16365321 729 
16364592 729 
8181567 2187 
32729184 243 
32721408 243 
16360218 729 
8179380 2187 
16358760 729 
16352928 729 
8175006 2187 
8170632 2187 
4080942 6561 
65442816 81 
65359872 81 
32679855 243 
32679612 243 
32678640 243 
16339077 729 
16338348 729 
8168445 2187 
32674752 243 
16336890 729 
16335432 729 
8166258 2187 
4080942 6561 
16329600 729 
8164071 2187 
8161884 2187 
8153136 2187 
4074381 6561 
4067820 6561 
2027349 19683 
32659200 243 
32596992 243 
16298253 729 
16297524 729 
16294608 729 
8146575 2187 
8144388 2187 
4067820 6561 
2027349 19683 
16282944 729 
8140014 2187 
4067820 6561 
8135640 2187 
8118144 2187 
4054698 6561 
4041576 6561 
2007666 19683 
16236288 729 
65028096 81 
32513886 243 
16256700 729 
32513400 243 
32511456 243 
16255242 729 
8126892 2187 
16253784 729 
32503680 243 
16251597 729 
16250868 729 
8124705 2187 
16247952 729 
8122518 2187 
8118144 2187 
4054698 6561 
16236288 729 
32472576 243 
32348160 243 
16173594 729 
16172136 729 
8085339 2187 
8083152 2187 
16166304 729 
16142976 729 
8070030 2187 
8065656 2187 
4028454 6561 
2007666 19683 
8048160 2187 
4021893 6561 
4015332 6561 
3989088 6561 
1987983 19683 
1968300 19683 
944784 59049 
16049664 729 
8024103 2187 
8021916 2187 
4008771 6561 
8013168 2187 
4002210 6561 
3989088 6561 
1987983 19683 
1968300 19683 
944784 59049 
7978176 2187 
7838208 2187 
3916917 6561 
3910356 6561 
1948617 19683 
3884112 6561 
1928934 19683 
944784 59049 
1889568 19683 
3779136 6561 
31850496 243 
15925005 729 
15924276 729 
7960680 2187 
15921360 729 
15909696 729 
7954119 2187 
7951932 2187 
7943184 2187 
3969405 6561 
3962844 6561 
1968300 19683 
15863040 729 
7930062 2187 
3962844 6561 
7925688 2187 
7908192 2187 
3949722 6561 
1968300 19683 
3936600 6561 
7838208 2187 
3916917 6561 
3910356 6561 
1948617 19683 
3884112 6561 
1928934 19683 
944784 59049 
1889568 19683 
3779136 6561 
15676416 729 
14929920 729 
7464231 2187 
7462044 2187 
3726648 6561 
7453296 2187 
7418304 2187 
3706965 6561 
3700404 6561 
3674160 6561 
1830519 19683 
1810836 19683 
885735 59049 
7278336 2187 
3634794 6561 
1810836 19683 
3621672 6561 
3569184 6561 
1771470 19683 
1732104 19683 
826686 59049 
354294 177147 
3359232 6561 
1673055 19683 
1653372 19683 
1574640 19683 
767637 59049 
708588 59049 
1259712 19683 
590490 59049 
472392 59049 
177147 177147 
6718464 2187 
63700992 81 
127401984 27 
528482304 3 
503316480 3 
251658234 9 
251658216 9 
125829099 27 
125829072 27 
62914482 81 
251658144 9 
251657856 9 
125828910 27 
125828856 27 
62914401 81 
62914320 81 
31457079 243 
125828640 27 
251656704 9 
125828343 27 
125828316 27 
125828208 27 
62914077 81 
62913996 81 
31456836 243 
15728175 729 
125827776 27 
62913834 81 
31456836 243 
62913672 81 
62913024 81 
31456350 243 
31455864 243 
15727446 729 
125826048 27 
251652096 9 
251633664 9 
125816814 27 
125816760 27 
62908326 81 
125816544 27 
62908245 81 
62908164 81 
31453920 243 
15726717 729 
62907840 81 
125815680 27 
125812224 27 
62906058 81 
31452948 243 
62905896 81 
62905248 81 
31452462 243 
15725988 729 
31451976 243 
62902656 81 
31451247 243 
31451004 243 
15725259 729 
31450032 243 
15724530 729 
15723072 729 
7860078 2187 
31446144 243 
125798400 27 
62899173 81 
62899092 81 
62898768 81 
31449303 243 
31449060 243 
62897472 81 
31448574 243 
31448088 243 
15723801 729 
15723072 729 
7860078 2187 
31446144 243 
62892288 81 
62871552 81 
31435695 243 
31435452 243 
15717240 729 
7857891 2187 
31434480 243 
31430592 243 
15715053 729 
15714324 729 
7855704 2187 
15711408 729 
31415040 243 
15707034 729 
15705576 729 
7851330 2187 
3923478 6561 
15699744 729 
7849143 2187 
7846956 2187 
7838208 2187 
3916917 6561 
3910356 6561 
1948617 19683 
15676416 729 
251559936 9 
125779959 27 
125779932 27 
62889939 81 
125779824 27 
62889858 81 
62889696 81 
31444686 243 
125779392 27 
125777664 27 
62888805 81 
62888724 81 
31444200 243 
62888400 81 
62887104 81 
31443471 243 
31443228 243 
31442256 243 
15720885 729 
15720156 729 
125770752 27 
62885322 81 
62885160 81 
31442499 243 
31442256 243 
15720885 729 
62884512 81 
62881920 81 
31440798 243 
15720156 729 
31440312 243 
31438368 243 
15718698 729 
15717240 729 
7857891 2187 
7855704 2187 
3923478 6561 
62871552 81 
31435695 243 
31435452 243 
15717240 729 
7857891 2187 
31434480 243 
31430592 243 
15715053 729 
15714324 729 
7855704 2187 
15711408 729 
31415040 243 
15707034 729 
15705576 729 
7851330 2187 
3923478 6561 
15699744 729 
7849143 2187 
7846956 2187 
7838208 2187 
3916917 6561 
3910356 6561 
1948617 19683 
15676416 729 
125743104 27 
125632512 27 
62816229 81 
62816148 81 
31407993 243 
62815824 81 
31407750 243 
31407264 243 
15703389 729 
15702660 729 
62814528 81 
62809344 81 
31404591 243 
31404348 243 
15701931 729 
31403376 243 
15701202 729 
15699744 729 
7849143 2187 
7846956 2187 
31399488 243 
62788608 81 
31394142 243 
15696828 729 
31393656 243 
31391712 243 
15695370 729 
7846956 2187 
15693912 729 
31383936 243 
15691725 729 
15690996 729 
7844769 2187 
15688080 729 
7842582 2187 
7838208 2187 
3916917 6561 
3910356 6561 
1948617 19683 
15676416 729 
31352832 243 
62705664 81 
251265024 9 
250085376 9 
125042670 27 
62521308 81 
125042616 27 
125042400 27 
62521146 81 
31260492 243 
62520984 81 
125041536 27 
62520741 81 
62520660 81 
31260249 243 
62520336 81 
31260006 243 
15629760 729 
31259520 243 
62519040 81 
125038080 27 
125024256 27 
62512074 81 
62511912 81 
31255875 243 
31255632 243 
15627573 729 
62511264 81 
62508672 81 
31254174 243 
15626844 729 
31253688 243 
31251744 243 
15625386 729 
7811964 2187 
15623928 729 
62498304 81 
31249071 243 
31248828 243 
15623928 729 
31247856 243 
31243968 243 
15621741 729 
15621012 729 
7809777 2187 
15618096 729 
7807590 2187 
7803216 2187 
3897234 6561 
31228416 243 
15613722 729 
15612264 729 
7805403 2187 
7803216 2187 
3897234 6561 
15606432 729 
15583104 729 
7790094 2187 
7785720 2187 
3890673 6561 
3884112 6561 
1928934 19683 
944784 59049 
7768224 2187 
124968960 27 
62484453 81 
62484372 81 
31242024 243 
62484048 81 
62482752 81 
31241295 243 
31241052 243 
15620283 729 
31240080 243 
15619554 729 
15618096 729 
7807590 2187 
62477568 81 
31238622 243 
31238136 243 
15618825 729 
15618096 729 
7807590 2187 
31236192 243 
31228416 243 
15613722 729 
15612264 729 
7805403 2187 
7803216 2187 
3897234 6561 
15606432 729 
62456832 81 
62373888 81 
31186863 243 
31186620 243 
31185648 243 
15592581 729 
15591852 729 
7794468 2187 
31181760 243 
15590394 729 
7794468 2187 
15588936 729 
15583104 729 
7790094 2187 
7785720 2187 
3890673 6561 
3884112 6561 
1928934 19683 
944784 59049 
31166208 243 
31104000 243 
15551757 729 
15551028 729 
7774785 2187 
15548112 729 
7772598 2187 
3884112 6561 
7768224 2187 
15536448 729 
15489792 729 
7744167 2187 
7741980 2187 
7733232 2187 
3864429 6561 
3857868 6561 
7698240 2187 
3844746 6561 
3831624 6561 
1909251 19683 
1889568 19683 
3779136 6561 
124747776 27 
123863040 27 
61931466 81 
61931304 81 
30965490 243 
15482502 729 
61930656 81 
30965247 243 
30965004 243 
30964032 243 
15481773 729 
15481044 729 
7739793 2187 
61928064 81 
61917696 81 
30958686 243 
30958200 243 
15478857 729 
15478128 729 
7737606 2187 
30956256 243 
30948480 243 
15473754 729 
15472296 729 
7735419 2187 
7733232 2187 
3864429 6561 
15466464 729 
61876224 81 
30938031 243 
30937788 243 
15468651 729 
30936816 243 
15467922 729 
7733232 2187 
15466464 729 
30932928 243 
30917376 243 
15458445 729 
15457716 729 
15454800 729 
7726671 2187 
7724484 2187 
3857868 6561 
15443136 729 
7720110 2187 
3857868 6561 
7715736 2187 
7698240 2187 
3844746 6561 
3831624 6561 
1909251 19683 
1889568 19683 
30855168 243 
15427098 729 
15425640 729 
7711362 2187 
15419808 729 
7709175 2187 
7706988 2187 
3851307 6561 
7698240 2187 
3844746 6561 
3831624 6561 
1909251 19683 
1889568 19683 
15396480 729 
15303168 729 
7650126 2187 
7645752 2187 
3818502 6561 
7628256 2187 
3811941 6561 
3805380 6561 
1889568 19683 
3779136 6561 
7558272 2187 
61710336 81 
61046784 81 
30523230 243 
30522744 243 
15260886 729 
30520800 243 
15260157 729 
15259428 729 
7628256 2187 
3811941 6561 
15256512 729 
30513024 243 
30481920 243 
15240474 729 
7619508 2187 
15239016 729 
15233184 729 
7615134 2187 
3805380 6561 
7610760 2187 
15209856 729 
7604199 2187 
7602012 2187 
3798819 6561 
7593264 2187 
3792258 6561 
1889568 19683 
3779136 6561 
7558272 2187 
30357504 243 
15178509 729 
15177780 729 
15174864 729 
7586703 2187 
7584516 2187 
15163200 729 
7580142 2187 
7575768 2187 
3785697 6561 
3779136 6561 
7558272 2187 
15116544 729 
14929920 729 
7464231 2187 
7462044 2187 
3726648 6561 
7453296 2187 
7418304 2187 
3706965 6561 
3700404 6561 
3674160 6561 
1830519 19683 
1810836 19683 
885735 59049 
7278336 2187 
3634794 6561 
1810836 19683 
3621672 6561 
3569184 6561 
1771470 19683 
1732104 19683 
826686 59049 
354294 177147 
3359232 6561 
1673055 19683 
1653372 19683 
1574640 19683 
767637 59049 
708588 59049 
1259712 19683 
590490 59049 
472392 59049 
177147 177147 
29859840 243 
245366784 9 
122683383 27 
122683356 27 
61341624 81 
30670731 243 
122683248 27 
122682816 27 
61341381 81 
61341300 81 
30670488 243 
61340976 81 
122681088 27 
61340490 81 
61340328 81 
30670002 243 
61339680 81 
30669759 243 
30669516 243 
15334515 729 
30668544 243 
15333786 729 
15332328 729 
7665435 2187 
7663248 2187 
61337088 81 
122674176 27 
122646528 27 
61323237 81 
61323156 81 
30661497 243 
61322832 81 
30661254 243 
30660768 243 
15330141 729 
15329412 729 
7663248 2187 
61321536 81 
61316352 81 
30658095 243 
30657852 243 
15328683 729 
30656880 243 
15327954 729 
7663248 2187 
15326496 729 
30652992 243 
61295616 81 
30647646 243 
15323580 729 
30647160 243 
30645216 243 
15322122 729 
15320664 729 
7658874 2187 
30637440 243 
15318477 729 
15317748 729 
15314832 729 
7656687 2187 
7654500 2187 
3825063 6561 
15303168 729 
7650126 2187 
7645752 2187 
3818502 6561 
7628256 2187 
3811941 6561 
3805380 6561 
1889568 19683 
3779136 6561 
30606336 243 
122535936 27 
61267914 81 
61267752 81 
30633795 243 
30633552 243 
15316290 729 
61267104 81 
61264512 81 
30632094 243 
30631608 243 
15315561 729 
15314832 729 
7656687 2187 
30629664 243 
61254144 81 
30626991 243 
30626748 243 
30625776 243 
15312645 729 
15311916 729 
7654500 2187 
3825063 6561 
30621888 243 
15310458 729 
7654500 2187 
15309000 729 
15303168 729 
7650126 2187 
7645752 2187 
3818502 6561 
30606336 243 
61212672 81 
61046784 81 
30523230 243 
30522744 243 
15260886 729 
30520800 243 
15260157 729 
15259428 729 
7628256 2187 
3811941 6561 
15256512 729 
30513024 243 
30481920 243 
15240474 729 
7619508 2187 
15239016 729 
15233184 729 
7615134 2187 
3805380 6561 
7610760 2187 
15209856 729 
7604199 2187 
7602012 2187 
3798819 6561 
7593264 2187 
3792258 6561 
1889568 19683 
3779136 6561 
7558272 2187 
30357504 243 
15178509 729 
15177780 729 
15174864 729 
7586703 2187 
7584516 2187 
15163200 729 
7580142 2187 
7575768 2187 
3785697 6561 
3779136 6561 
7558272 2187 
15116544 729 
14929920 729 
7464231 2187 
7462044 2187 
3726648 6561 
7453296 2187 
7418304 2187 
3706965 6561 
3700404 6561 
3674160 6561 
1830519 19683 
1810836 19683 
885735 59049 
7278336 2187 
3634794 6561 
1810836 19683 
3621672 6561 
3569184 6561 
1771470 19683 
1732104 19683 
826686 59049 
354294 177147 
3359232 6561 
1673055 19683 
1653372 19683 
1574640 19683 
767637 59049 
708588 59049 
1259712 19683 
590490 59049 
472392 59049 
177147 177147 
122093568 27 
120324096 27 
60162021 81 
60161940 81 
60161616 81 
30080727 243 
30080484 243 
15039999 729 
60160320 81 
30079998 243 
30079512 243 
15039270 729 
7518906 2187 
30077568 243 
15038541 729 
15037812 729 
15034896 729 
7516719 2187 
7514532 2187 
3752892 6561 
1869885 19683 
60155136 81 
60134400 81 
30067119 243 
30066876 243 
30065904 243 
15032709 729 
15031980 729 
7514532 2187 
30062016 243 
15030522 729 
7514532 2187 
15029064 729 
15023232 729 
7510158 2187 
3752892 6561 
7505784 2187 
30046464 243 
60051456 81 
30025566 243 
30025080 243 
15012297 729 
15011568 729 
30023136 243 
30015360 243 
15007194 729 
15005736 729 
7501410 2187 
14999904 729 
7499223 2187 
7497036 2187 
3746331 6561 
7488288 2187 
3739770 6561 
3726648 6561 
1850202 19683 
29984256 243 
14991885 729 
14991156 729 
7494849 2187 
14988240 729 
7492662 2187 
7488288 2187 
3739770 6561 
14976576 729 
14929920 729 
7464231 2187 
7462044 2187 
3726648 6561 
7453296 2187 
7418304 2187 
3706965 6561 
3700404 6561 
3674160 6561 
1830519 19683 
1810836 19683 
885735 59049 
29859840 243 
59719680 81 
58392576 81 
29196207 243 
29195964 243 
14597496 729 
7298019 2187 
29194992 243 
29191104 243 
14595309 729 
14594580 729 
7295832 2187 
14591664 729 
29175552 243 
14587290 729 
14585832 729 
7291458 2187 
14580000 729 
7289271 2187 
7287084 2187 
3641355 6561 
7278336 2187 
3634794 6561 
1810836 19683 
3621672 6561 
14556672 729 
29113344 243 
28864512 243 
14432013 729 
14431284 729 
7214913 2187 
14428368 729 
7212726 2187 
7208352 2187 
3601989 6561 
3595428 6561 
1791153 19683 
14416704 729 
14370048 729 
7184295 2187 
7182108 2187 
3588867 6561 
7173360 2187 
3582306 6561 
3569184 6561 
1771470 19683 
7138368 2187 
14183424 729 
7090254 2187 
3542940 6561 
7085880 2187 
7068384 2187 
3529818 6561 
3516696 6561 
1751787 19683 
1732104 19683 
826686 59049 
354294 177147 
6998400 2187 
3497013 6561 
3490452 6561 
1732104 19683 
3464208 6561 
3359232 6561 
1673055 19683 
1653372 19683 
1574640 19683 
767637 59049 
708588 59049 
6718464 2187 
27869184 243 
13934106 729 
13932648 729 
6965595 2187 
6963408 2187 
3477330 6561 
1732104 19683 
13926816 729 
13903488 729 
6950286 2187 
6945912 2187 
3470769 6561 
3464208 6561 
6928416 2187 
13810176 729 
6904359 2187 
6902172 2187 
6893424 2187 
3444525 6561 
3437964 6561 
1712421 19683 
6858432 2187 
3424842 6561 
3411720 6561 
1692738 19683 
826686 59049 
3359232 6561 
1673055 19683 
1653372 19683 
1574640 19683 
767637 59049 
708588 59049 
6718464 2187 
13436928 729 
11943936 729 
5970510 2187 
5966136 2187 
2978694 6561 
5948640 2187 
2972133 6561 
2965572 6561 
1476225 19683 
2939328 6561 
1456542 19683 
708588 59049 
1417176 19683 
5878656 2187 
5598720 2187 
2794986 6561 
2781864 6561 
1377810 19683 
2729376 6561 
1358127 19683 
1338444 19683 
649539 59049 
1259712 19683 
590490 59049 
472392 59049 
177147 177147 
2519424 6561 
4478976 2187 
2237301 6561 
2230740 6561 
1102248 19683 
531441 59049 
2204496 6561 
2099520 6561 
1043199 19683 
1023516 19683 
472392 59049 
177147 177147 
944784 19683 
1679616 6561 
826686 19683 
787320 19683 
354294 59049 
629856 19683 
295245 59049 
236196 59049 
113246208 27 
56623050 81 
28311444 243 
56622888 81 
56622240 81 
28310958 243 
28310472 243 
14154993 729 
14154264 729 
56619648 81 
28309743 243 
28309500 243 
14154264 729 
28308528 243 
28304640 243 
14152077 729 
14151348 729 
7074945 2187 
14148432 729 
7072758 2187 
7068384 2187 
3529818 6561 
56609280 81 
56567808 81 
28283742 243 
28283256 243 
14141142 729 
28281312 243 
14140413 729 
14139684 729 
7068384 2187 
14136768 729 
28273536 243 
28242432 243 
14120730 729 
7059636 2187 
14119272 729 
14113440 729 
7055262 2187 
7050888 2187 
3523257 6561 
3516696 6561 
1751787 19683 
14090112 729 
7044327 2187 
7042140 2187 
3516696 6561 
1751787 19683 
7033392 2187 
6998400 2187 
3497013 6561 
3490452 6561 
1732104 19683 
3464208 6561 
56401920 81 
28200879 243 
28200636 243 
28199664 243 
14099589 729 
14098860 729 
7048701 2187 
28195776 243 
14097402 729 
14095944 729 
7046514 2187 
14090112 729 
7044327 2187 
7042140 2187 
3516696 6561 
1751787 19683 
7033392 2187 
28180224 243 
28118016 243 
14058765 729 
14058036 729 
14055120 729 
7026831 2187 
7024644 2187 
3510135 6561 
14043456 729 
7020270 2187 
7015896 2187 
3503574 6561 
6998400 2187 
3497013 6561 
3490452 6561 
1732104 19683 
3464208 6561 
13996800 729 
27869184 243 
13934106 729 
13932648 729 
6965595 2187 
6963408 2187 
3477330 6561 
1732104 19683 
13926816 729 
13903488 729 
6950286 2187 
6945912 2187 
3470769 6561 
3464208 6561 
6928416 2187 
13810176 729 
6904359 2187 
6902172 2187 
6893424 2187 
3444525 6561 
3437964 6561 
1712421 19683 
6858432 2187 
3424842 6561 
3411720 6561 
1692738 19683 
826686 59049 
3359232 6561 
1673055 19683 
1653372 19683 
1574640 19683 
767637 59049 
708588 59049 
6718464 2187 
13436928 729 
55738368 81 
53084160 81 
26541918 243 
13270716 729 
26541432 243 
26539488 243 
13269258 729 
13267800 729 
6633171 2187 
6630984 2187 
3313305 6561 
26531712 243 
13265613 729 
13264884 729 
6630984 2187 
3313305 6561 
13261968 729 
13250304 729 
6624423 2187 
6622236 2187 
3306744 6561 
6613488 2187 
26500608 243 
26376192 243 
13187610 729 
13186152 729 
6591618 2187 
3293622 6561 
13180320 729 
6589431 2187 
6587244 2187 
6578496 2187 
3287061 6561 
3280500 6561 
1633689 19683 
13156992 729 
13063680 729 
6530382 2187 
6526008 2187 
3260817 6561 
3254256 6561 
1614006 19683 
6508512 2187 
6438528 2187 
3214890 6561 
3201768 6561 
1594323 19683 
1574640 19683 
767637 59049 
3149280 6561 
25878528 243 
12939021 729 
12938292 729 
12935376 729 
6466959 2187 
6464772 2187 
3228012 6561 
12923712 729 
6460398 2187 
3228012 6561 
6456024 2187 
6438528 2187 
3214890 6561 
3201768 6561 
1594323 19683 
1574640 19683 
767637 59049 
12877056 729 
12690432 729 
6344487 2187 
6342300 2187 
3168963 6561 
6333552 2187 
3162402 6561 
1574640 19683 
3149280 6561 
6298560 2187 
6158592 2187 
3077109 6561 
3070548 6561 
3044304 6561 
1515591 19683 
1495908 19683 
708588 59049 
2939328 6561 
1456542 19683 
708588 59049 
1417176 19683 
1259712 19683 
590490 59049 
472392 59049 
177147 177147 
11943936 729 
5970510 2187 
5966136 2187 
2978694 6561 
5948640 2187 
2972133 6561 
2965572 6561 
1476225 19683 
2939328 6561 
1456542 19683 
708588 59049 
1417176 19683 
5878656 2187 
5598720 2187 
2794986 6561 
2781864 6561 
1377810 19683 
2729376 6561 
1358127 19683 
1338444 19683 
649539 59049 
1259712 19683 
590490 59049 
472392 59049 
177147 177147 
2519424 6561 
4478976 2187 
2237301 6561 
2230740 6561 
1102248 19683 
531441 59049 
2204496 6561 
2099520 6561 
1043199 19683 
1023516 19683 
472392 59049 
177147 177147 
944784 19683 
1679616 6561 
826686 19683 
787320 19683 
354294 59049 
629856 19683 
295245 59049 
236196 59049 
23887872 243 
42467328 81 
21233583 243 
21233340 243 
10616427 729 
21232368 243 
10615698 729 
10614240 729 
5305662 2187 
2650644 6561 
21228480 243 
21212928 243 
10606221 729 
10605492 729 
5301288 2187 
10602576 729 
10590912 729 
5294727 2187 
5292540 2187 
2644083 6561 
5283792 2187 
2637522 6561 
2624400 6561 
1299078 19683 
21150720 243 
10574874 729 
10573416 729 
5285979 2187 
5283792 2187 
2637522 6561 
10567584 729 
10544256 729 
5270670 2187 
5266296 2187 
2630961 6561 
2624400 6561 
1299078 19683 
5248800 2187 
10450944 729 
5224743 2187 
5222556 2187 
5213808 2187 
2604717 6561 
2598156 6561 
5178816 2187 
2585034 6561 
2571912 6561 
1279395 19683 
1259712 19683 
590490 59049 
2519424 6561 
5038848 2187 
20901888 243 
19906560 243 
9953037 729 
9952308 729 
4975425 2187 
9949392 729 
4973238 2187 
4968864 2187 
2480058 6561 
9937728 729 
9891072 729 
4944807 2187 
4942620 2187 
2466936 6561 
4933872 2187 
4898880 2187 
2447253 6561 
2440692 6561 
2414448 6561 
1200663 19683 
1180980 19683 
9704448 729 
4850766 2187 
4846392 2187 
2421009 6561 
2414448 6561 
1200663 19683 
4828896 2187 
4758912 2187 
2375082 6561 
1180980 19683 
2361960 6561 
2309472 6561 
1141614 19683 
1102248 19683 
531441 59049 
472392 59049 
177147 177147 
4478976 2187 
2237301 6561 
2230740 6561 
1102248 19683 
531441 59049 
2204496 6561 
2099520 6561 
1043199 19683 
1023516 19683 
472392 59049 
177147 177147 
944784 19683 
1679616 6561 
826686 19683 
787320 19683 
354294 59049 
629856 19683 
295245 59049 
236196 59049 
8957952 729 
15925248 243 
7962138 729 
3980340 2187 
7960680 729 
7954848 729 
3975966 2187 
3971592 2187 
1981422 6561 
984150 19683 
7931520 729 
3965031 2187 
3962844 2187 
3954096 2187 
1974861 6561 
1968300 6561 
3919104 2187 
1955178 6561 
1942056 6561 
964467 19683 
944784 19683 
1889568 6561 
7838208 729 
7464960 729 
3731022 2187 
1863324 6561 
3726648 2187 
3709152 2187 
1850202 6561 
1837080 6561 
905418 19683 
3639168 2187 
1817397 6561 
1810836 6561 
1784592 6561 
885735 19683 
866052 19683 
413343 59049 
1679616 6561 
826686 19683 
787320 19683 
354294 59049 
629856 19683 
295245 59049 
236196 59049 
3359232 2187 
5971968 729 
2985255 2187 
2983068 2187 
1489347 6561 
2974320 2187 
1482786 6561 
1469664 6561 
728271 19683 
708588 19683 
2939328 2187 
2799360 2187 
1397493 6561 
1390932 6561 
688905 19683 
1364688 6561 
669222 19683 
629856 19683 
295245 59049 
236196 59049 
1259712 6561 
2239488 2187 
1115370 6561 
551124 19683 
1102248 6561 
1049760 6561 
511758 19683 
236196 59049 
472392 19683 
839808 6561 
413343 19683 
393660 19683 
177147 59049 
314928 19683 
118098 59049 
226492416 9 
402653184 3 
201326589 9 
201326580 9 
201326544 9 
100663263 27 
100663236 27 
201326400 9 
100663182 27 
100663128 27 
50331537 81 
50331456 81 
25165566 243 
12582540 729 
100662912 27 
201325824 9 
201323520 9 
100661751 27 
100661724 27 
50330808 81 
25165323 243 
100661616 27 
100661184 27 
50330565 81 
50330484 81 
25165080 243 
50330160 81 
100659456 27 
50329674 81 
50329512 81 
25164594 243 
50328864 81 
25164351 243 
25164108 243 
12581811 729 
25163136 243 
12581082 729 
6289812 2187 
12579624 729 
50326272 81 
201314304 9 
100657134 27 
50328540 81 
100657080 27 
100656864 27 
50328378 81 
25164108 243 
50328216 81 
100656000 27 
50327973 81 
50327892 81 
25163865 243 
50327568 81 
25163622 243 
25163136 243 
12581082 729 
6289812 2187 
50326272 81 
100652544 27 
100638720 27 
50319306 81 
50319144 81 
25159491 243 
25159248 243 
50318496 81 
50315904 81 
25157790 243 
25157304 243 
12578166 729 
25155360 243 
12577437 729 
12576708 729 
6287625 2187 
12573792 729 
6285438 2187 
6281064 2187 
3136158 6561 
50305536 81 
25152687 243 
25152444 243 
12575979 729 
25151472 243 
12575250 729 
12573792 729 
6285438 2187 
25147584 243 
25132032 243 
12565773 729 
12565044 729 
6281064 2187 
12562128 729 
12550464 729 
6274503 2187 
6272316 2187 
6263568 2187 
3129597 6561 
3123036 6561 
1554957 19683 
201277440 9 
201129984 9 
100564983 27 
100564956 27 
50282451 81 
100564848 27 
50282370 81 
50282208 81 
25141023 243 
25140780 243 
12570147 729 
100564416 27 
100562688 27 
50281317 81 
50281236 81 
25140537 243 
50280912 81 
25140294 243 
25139808 243 
12569418 729 
50279616 81 
100555776 27 
50277834 81 
25138836 243 
50277672 81 
50277024 81 
25138350 243 
25137864 243 
12568689 729 
12567960 729 
6283251 2187 
50274432 81 
25137135 243 
25136892 243 
12567960 729 
6283251 2187 
25135920 243 
25132032 243 
12565773 729 
12565044 729 
6281064 2187 
12562128 729 
50264064 81 
100528128 27 
100417536 27 
50208741 81 
50208660 81 
50208336 81 
25104087 243 
25103844 243 
50207040 81 
25103358 243 
25102872 243 
12551193 729 
12550464 729 
6274503 2187 
25100928 243 
50201856 81 
50181120 81 
25090479 243 
25090236 243 
12544632 729 
25089264 243 
25085376 243 
12542445 729 
12541716 729 
6270129 2187 
12538800 729 
6267942 2187 
6263568 2187 
3129597 6561 
3123036 6561 
1554957 19683 
25069824 243 
12534426 729 
12532968 729 
6265755 2187 
6263568 2187 
3129597 6561 
12527136 729 
12503808 729 
6250446 2187 
3123036 6561 
6246072 2187 
6228576 2187 
3109914 6561 
3096792 6561 
1535274 19683 
50098176 81 
25048926 243 
12524220 729 
25048440 243 
25046496 243 
12522762 729 
12521304 729 
6259194 2187 
25038720 243 
12519117 729 
12518388 729 
12515472 729 
6257007 2187 
6254820 2187 
3123036 6561 
1554957 19683 
12503808 729 
6250446 2187 
3123036 6561 
6246072 2187 
6228576 2187 
3109914 6561 
3096792 6561 
1535274 19683 
25007616 243 
24883200 243 
12441114 729 
6219828 2187 
12439656 729 
12433824 729 
6215454 2187 
6211080 2187 
3103353 6561 
3096792 6561 
1535274 19683 
12410496 729 
6204519 2187 
6202332 2187 
3096792 6561 
6193584 2187 
6158592 2187 
3077109 6561 
3070548 6561 
3044304 6561 
1515591 19683 
1495908 19683 
708588 59049 
12317184 729 
200540160 9 
100270062 27 
100270008 27 
50134950 81 
25067394 243 
100269792 27 
50134869 81 
50134788 81 
50134464 81 
25067151 243 
25066908 243 
12532968 729 
6265755 2187 
100268928 27 
100265472 27 
50132682 81 
50132520 81 
25066179 243 
25065936 243 
50131872 81 
50129280 81 
25064478 243 
25063992 243 
12531510 729 
25062048 243 
12530781 729 
12530052 729 
6263568 2187 
3129597 6561 
12527136 729 
100251648 27 
50125797 81 
50125716 81 
25062777 243 
50125392 81 
25062534 243 
25062048 243 
12530781 729 
12530052 729 
6263568 2187 
3129597 6561 
50124096 81 
50118912 81 
25059375 243 
25059132 243 
12529323 729 
25058160 243 
12528594 729 
6263568 2187 
12527136 729 
25054272 243 
50098176 81 
25048926 243 
12524220 729 
25048440 243 
25046496 243 
12522762 729 
12521304 729 
6259194 2187 
25038720 243 
12519117 729 
12518388 729 
12515472 729 
6257007 2187 
6254820 2187 
3123036 6561 
1554957 19683 
12503808 729 
6250446 2187 
3123036 6561 
6246072 2187 
6228576 2187 
3109914 6561 
3096792 6561 
1535274 19683 
25007616 243 
100196352 27 
99975168 27 
49987530 81 
49987368 81 
24993522 243 
12496518 729 
49986720 81 
24993279 243 
24993036 243 
24992064 243 
12495789 729 
12495060 729 
6246072 2187 
49984128 81 
49973760 81 
24986718 243 
24986232 243 
12492873 729 
12492144 729 
24984288 243 
24976512 243 
12487770 729 
12486312 729 
6241698 2187 
12480480 729 
6239511 2187 
6237324 2187 
3116475 6561 
6228576 2187 
3109914 6561 
3096792 6561 
1535274 19683 
49932288 81 
24966063 243 
24965820 243 
12482667 729 
24964848 243 
12481938 729 
12480480 729 
6239511 2187 
6237324 2187 
3116475 6561 
24960960 243 
24945408 243 
12472461 729 
12471732 729 
6235137 2187 
12468816 729 
6232950 2187 
6228576 2187 
3109914 6561 
12457152 729 
24883200 243 
12441114 729 
6219828 2187 
12439656 729 
12433824 729 
6215454 2187 
6211080 2187 
3103353 6561 
3096792 6561 
1535274 19683 
12410496 729 
6204519 2187 
6202332 2187 
3096792 6561 
6193584 2187 
6158592 2187 
3077109 6561 
3070548 6561 
3044304 6561 
1515591 19683 
1495908 19683 
708588 59049 
12317184 729 
49766400 81 
99090432 27 
49545189 81 
49545108 81 
24772392 243 
49544784 81 
49543488 81 
24771663 243 
24771420 243 
24770448 243 
12384981 729 
12384252 729 
6191397 2187 
49538304 81 
24768990 243 
12384252 729 
24768504 243 
24766560 243 
12382794 729 
12381336 729 
6189210 2187 
24758784 243 
12379149 729 
12378420 729 
12375504 729 
6187023 2187 
6184836 2187 
3090231 6561 
12363840 729 
6180462 2187 
6176088 2187 
3083670 6561 
1535274 19683 
6158592 2187 
3077109 6561 
3070548 6561 
3044304 6561 
1515591 19683 
1495908 19683 
708588 59049 
49517568 81 
49434624 81 
24717231 243 
24716988 243 
12358008 729 
6178275 2187 
24716016 243 
24712128 243 
12355821 729 
12355092 729 
6176088 2187 
12352176 729 
24696576 243 
12347802 729 
12346344 729 
6171714 2187 
3083670 6561 
12340512 729 
6169527 2187 
6167340 2187 
6158592 2187 
3077109 6561 
3070548 6561 
12317184 729 
24634368 243 
49102848 81 
24551262 243 
24550776 243 
12274902 729 
6136722 2187 
24548832 243 
12274173 729 
12273444 729 
12270528 729 
6134535 2187 
6132348 2187 
3063987 6561 
24541056 243 
24509952 243 
12254490 729 
12253032 729 
6125787 2187 
6123600 2187 
3057426 6561 
12247200 729 
12223872 729 
6110478 2187 
6106104 2187 
3050865 6561 
3044304 6561 
1515591 19683 
6088608 2187 
24385536 243 
12192525 729 
12191796 729 
6095169 2187 
12188880 729 
6092982 2187 
3044304 6561 
6088608 2187 
12177216 729 
12130560 729 
6064551 2187 
6062364 2187 
6053616 2187 
3024621 6561 
3018060 6561 
1495908 19683 
6018624 2187 
3004938 6561 
1495908 19683 
2991816 6561 
2939328 6561 
1456542 19683 
708588 59049 
1417176 19683 
11943936 729 
5970510 2187 
5966136 2187 
2978694 6561 
5948640 2187 
2972133 6561 
2965572 6561 
1476225 19683 
2939328 6561 
1456542 19683 
708588 59049 
1417176 19683 
5878656 2187 
5598720 2187 
2794986 6561 
2781864 6561 
1377810 19683 
2729376 6561 
1358127 19683 
1338444 19683 
649539 59049 
1259712 19683 
590490 59049 
472392 59049 
177147 177147 
2519424 6561 
23887872 243 
47775744 81 
198180864 9 
188743680 9 
94371831 27 
94371804 27 
94371696 27 
47185821 81 
47185740 81 
94371264 27 
47185578 81 
47185416 81 
23592627 243 
23592384 243 
11795949 729 
47184768 81 
94369536 27 
94362624 27 
47181285 81 
47181204 81 
23590440 243 
47180880 81 
47179584 81 
23589711 243 
23589468 243 
11794491 729 
23588496 243 
11793762 729 
5896152 2187 
11792304 729 
47174400 81 
23587038 243 
23586552 243 
11793033 729 
11792304 729 
23584608 243 
23576832 243 
11787930 729 
11786472 729 
5891778 2187 
11780640 729 
5889591 2187 
5887404 2187 
2939328 6561 
5878656 2187 
94334976 27 
47167434 81 
23583636 243 
47167272 81 
47166624 81 
23583150 243 
23582664 243 
11790846 729 
47164032 81 
23581935 243 
23581692 243 
23580720 243 
11790117 729 
11789388 729 
5893965 2187 
23576832 243 
11787930 729 
11786472 729 
5891778 2187 
11780640 729 
5889591 2187 
5887404 2187 
2939328 6561 
5878656 2187 
47153664 81 
47112192 81 
23555934 243 
11777724 729 
23555448 243 
23553504 243 
11776266 729 
5887404 2187 
11774808 729 
23545728 243 
11772621 729 
11771892 729 
5885217 2187 
11768976 729 
5883030 2187 
2939328 6561 
5878656 2187 
11757312 729 
23514624 243 
94224384 27 
93782016 27 
46890981 81 
46890900 81 
23445369 243 
46890576 81 
23445126 243 
11722320 729 
23444640 243 
46889280 81 
46884096 81 
23441967 243 
23441724 243 
23440752 243 
11720133 729 
11719404 729 
5858973 2187 
23436864 243 
11717946 729 
11716488 729 
5856786 2187 
2926206 6561 
11710656 729 
5854599 2187 
5852412 2187 
5843664 2187 
2919645 6561 
2913084 6561 
46863360 81 
23431518 243 
23431032 243 
11715030 729 
5856786 2187 
23429088 243 
11714301 729 
11713572 729 
11710656 729 
5854599 2187 
5852412 2187 
23421312 243 
23390208 243 
11694618 729 
11693160 729 
5845851 2187 
5843664 2187 
2919645 6561 
11687328 729 
11664000 729 
5830542 2187 
2913084 6561 
5826168 2187 
5808672 2187 
2899962 6561 
2886840 6561 
1436859 19683 
1417176 19683 
46780416 81 
46448640 81 
23224239 243 
23223996 243 
11611512 729 
23223024 243 
23219136 243 
11609325 729 
11608596 729 
11605680 729 
5802111 2187 
5799924 2187 
23203584 243 
11601306 729 
5799924 2187 
11599848 729 
11594016 729 
5795550 2187 
5791176 2187 
2893401 6561 
2886840 6561 
1436859 19683 
11570688 729 
5784615 2187 
5782428 2187 
2886840 6561 
1436859 19683 
5773680 2187 
5738688 2187 
2867157 6561 
2860596 6561 
1417176 19683 
2834352 6561 
23141376 243 
22892544 243 
11446029 729 
11445300 729 
5721192 2187 
11442384 729 
11430720 729 
5714631 2187 
5712444 2187 
2854035 6561 
5703696 2187 
2847474 6561 
1417176 19683 
2834352 6561 
11384064 729 
5690574 2187 
5686200 2187 
2840913 6561 
2834352 6561 
5668704 2187 
5598720 2187 
2794986 6561 
2781864 6561 
1377810 19683 
2729376 6561 
1358127 19683 
1338444 19683 
649539 59049 
1259712 19683 
590490 59049 
472392 59049 
177147 177147 
11197440 729 
92012544 27 
46006218 81 
46006056 81 
23002866 243 
46005408 81 
23002623 243 
23002380 243 
11500704 729 
5749623 2187 
23001408 243 
46002816 81 
45992448 81 
22996062 243 
11497788 729 
22995576 243 
22993632 243 
11496330 729 
5747436 2187 
11494872 729 
22985856 243 
11492685 729 
11491956 729 
5745249 2187 
11489040 729 
5743062 2187 
5738688 2187 
2867157 6561 
2860596 6561 
1417176 19683 
11477376 729 
45950976 81 
22975407 243 
22975164 243 
22974192 243 
11486853 729 
11486124 729 
22970304 243 
11484666 729 
11483208 729 
5740875 2187 
5738688 2187 
2867157 6561 
11477376 729 
22954752 243 
22892544 243 
11446029 729 
11445300 729 
5721192 2187 
11442384 729 
11430720 729 
5714631 2187 
5712444 2187 
2854035 6561 
5703696 2187 
2847474 6561 
1417176 19683 
2834352 6561 
11384064 729 
5690574 2187 
5686200 2187 
2840913 6561 
2834352 6561 
5668704 2187 
5598720 2187 
2794986 6561 
2781864 6561 
1377810 19683 
2729376 6561 
1358127 19683 
1338444 19683 
649539 59049 
1259712 19683 
590490 59049 
472392 59049 
177147 177147 
45785088 81 
45121536 81 
22560606 243 
22560120 243 
11279817 729 
11279088 729 
5638086 2187 
22558176 243 
22550400 243 
11274714 729 
11273256 729 
5635899 2187 
5633712 2187 
2814669 6561 
11267424 729 
22519296 243 
11259405 729 
11258676 729 
11255760 729 
5627151 2187 
5624964 2187 
2808108 6561 
1397493 19683 
11244096 729 
5620590 2187 
2808108 6561 
5616216 2187 
5598720 2187 
2794986 6561 
2781864 6561 
1377810 19683 
11197440 729 
22394880 243 
21897216 243 
10948122 729 
10946664 729 
5471874 2187 
10940832 729 
5469687 2187 
5467500 2187 
2729376 6561 
1358127 19683 
5458752 2187 
10917504 729 
10824192 729 
5410638 2187 
2703132 6561 
5406264 2187 
5388768 2187 
2690010 6561 
1338444 19683 
2676888 6561 
5318784 2187 
2657205 6561 
2650644 6561 
1318761 19683 
2624400 6561 
1299078 19683 
1259712 19683 
590490 59049 
2519424 6561 
10450944 729 
5224743 2187 
5222556 2187 
5213808 2187 
2604717 6561 
2598156 6561 
5178816 2187 
2585034 6561 
2571912 6561 
1279395 19683 
1259712 19683 
590490 59049 
2519424 6561 
5038848 2187 
4478976 2187 
2237301 6561 
2230740 6561 
1102248 19683 
531441 59049 
2204496 6561 
2099520 6561 
1043199 19683 
1023516 19683 
472392 59049 
177147 177147 
944784 19683 
1679616 6561 
826686 19683 
787320 19683 
354294 59049 
629856 19683 
295245 59049 
236196 59049 
42467328 81 
21233583 243 
21233340 243 
10616427 729 
21232368 243 
10615698 729 
10614240 729 
5305662 2187 
2650644 6561 
21228480 243 
21212928 243 
10606221 729 
10605492 729 
5301288 2187 
10602576 729 
10590912 729 
5294727 2187 
5292540 2187 
2644083 6561 
5283792 2187 
2637522 6561 
2624400 6561 
1299078 19683 
21150720 243 
10574874 729 
10573416 729 
5285979 2187 
5283792 2187 
2637522 6561 
10567584 729 
10544256 729 
5270670 2187 
5266296 2187 
2630961 6561 
2624400 6561 
1299078 19683 
5248800 2187 
10450944 729 
5224743 2187 
5222556 2187 
5213808 2187 
2604717 6561 
2598156 6561 
5178816 2187 
2585034 6561 
2571912 6561 
1279395 19683 
1259712 19683 
590490 59049 
2519424 6561 
5038848 2187 
20901888 243 
19906560 243 
9953037 729 
9952308 729 
4975425 2187 
9949392 729 
4973238 2187 
4968864 2187 
2480058 6561 
9937728 729 
9891072 729 
4944807 2187 
4942620 2187 
2466936 6561 
4933872 2187 
4898880 2187 
2447253 6561 
2440692 6561 
2414448 6561 
1200663 19683 
1180980 19683 
9704448 729 
4850766 2187 
4846392 2187 
2421009 6561 
2414448 6561 
1200663 19683 
4828896 2187 
4758912 2187 
2375082 6561 
1180980 19683 
2361960 6561 
2309472 6561 
1141614 19683 
1102248 19683 
531441 59049 
472392 59049 
177147 177147 
4478976 2187 
2237301 6561 
2230740 6561 
1102248 19683 
531441 59049 
2204496 6561 
2099520 6561 
1043199 19683 
1023516 19683 
472392 59049 
177147 177147 
944784 19683 
1679616 6561 
826686 19683 
787320 19683 
354294 59049 
629856 19683 
295245 59049 
236196 59049 
8957952 729 
15925248 243 
7962138 729 
3980340 2187 
7960680 729 
7954848 729 
3975966 2187 
3971592 2187 
1981422 6561 
984150 19683 
7931520 729 
3965031 2187 
3962844 2187 
3954096 2187 
1974861 6561 
1968300 6561 
3919104 2187 
1955178 6561 
1942056 6561 
964467 19683 
944784 19683 
1889568 6561 
7838208 729 
7464960 729 
3731022 2187 
1863324 6561 
3726648 2187 
3709152 2187 
1850202 6561 
1837080 6561 
905418 19683 
3639168 2187 
1817397 6561 
1810836 6561 
1784592 6561 
885735 19683 
866052 19683 
413343 59049 
1679616 6561 
826686 19683 
787320 19683 
354294 59049 
629856 19683 
295245 59049 
236196 59049 
3359232 2187 
5971968 729 
2985255 2187 
2983068 2187 
1489347 6561 
2974320 2187 
1482786 6561 
1469664 6561 
728271 19683 
708588 19683 
2939328 2187 
2799360 2187 
1397493 6561 
1390932 6561 
688905 19683 
1364688 6561 
669222 19683 
629856 19683 
295245 59049 
236196 59049 
1259712 6561 
2239488 2187 
1115370 6561 
551124 19683 
1102248 6561 
1049760 6561 
511758 19683 
236196 59049 
472392 19683 
839808 6561 
413343 19683 
393660 19683 
177147 59049 
314928 19683 
118098 59049 
84934656 27 
150994944 9 
75497454 27 
75497400 27 
37748673 81 
37748592 81 
75497184 27 
75496320 27 
37748106 81 
37747944 81 
18873810 243 
37747296 81 
18873567 243 
18873324 243 
9436176 729 
4717359 2187 
18872352 243 
75492864 27 
37746405 81 
37746324 81 
18873081 243 
37746000 81 
18872838 243 
9436176 729 
18872352 243 
37744704 81 
37739520 81 
18869679 243 
18869436 243 
18868464 243 
9433989 729 
9433260 729 
4715172 2187 
2355399 6561 
18864576 243 
9431802 729 
4715172 2187 
9430344 729 
9424512 729 
4710798 2187 
4706424 2187 
2348838 6561 
75479040 27 
75423744 27 
37711818 81 
18855828 243 
37711656 81 
37711008 81 
18855342 243 
9427428 729 
18854856 243 
37708416 81 
18854127 243 
18853884 243 
9426699 729 
18852912 243 
9425970 729 
9424512 729 
4710798 2187 
18849024 243 
37698048 81 
37656576 81 
18828126 243 
18827640 243 
9413577 729 
9412848 729 
18825696 243 
18817920 243 
9408474 729 
9407016 729 
4702050 2187 
2348838 6561 
9401184 729 
4699863 2187 
4697676 2187 
4688928 2187 
2342277 6561 
2335716 6561 
1161297 19683 
18786816 243 
9393165 729 
9392436 729 
4695489 2187 
9389520 729 
4693302 2187 
4688928 2187 
2342277 6561 
2335716 6561 
1161297 19683 
9377856 729 
9331200 729 
4664871 2187 
4662684 2187 
2329155 6561 
4653936 2187 
2322594 6561 
2309472 6561 
1141614 19683 
4618944 2187 
75202560 27 
37601253 81 
37601172 81 
18800424 243 
37600848 81 
37599552 81 
18799695 243 
18799452 243 
18798480 243 
9398997 729 
9398268 729 
4697676 2187 
37594368 81 
18797022 243 
9398268 729 
18796536 243 
18794592 243 
9396810 729 
4697676 2187 
9395352 729 
18786816 243 
9393165 729 
9392436 729 
4695489 2187 
9389520 729 
4693302 2187 
4688928 2187 
2342277 6561 
2335716 6561 
1161297 19683 
9377856 729 
37573632 81 
37490688 81 
18745263 243 
18745020 243 
9372024 729 
18744048 243 
18740160 243 
9369837 729 
9369108 729 
9366192 729 
4682367 2187 
4680180 2187 
2335716 6561 
1161297 19683 
18724608 243 
9361818 729 
4680180 2187 
9360360 729 
9354528 729 
4675806 2187 
2335716 6561 
4671432 2187 
9331200 729 
4664871 2187 
4662684 2187 
2329155 6561 
4653936 2187 
2322594 6561 
2309472 6561 
1141614 19683 
4618944 2187 
18662400 243 
37158912 81 
18579294 243 
18578808 243 
9288918 729 
18576864 243 
9288189 729 
9287460 729 
4643001 2187 
9284544 729 
4640814 2187 
4636440 2187 
2316033 6561 
2309472 6561 
1141614 19683 
18569088 243 
18537984 243 
9268506 729 
9267048 729 
4632066 2187 
9261216 729 
4629879 2187 
4627692 2187 
2309472 6561 
4618944 2187 
9237888 729 
18413568 243 
9206541 729 
9205812 729 
4601448 2187 
9202896 729 
9191232 729 
4594887 2187 
4592700 2187 
4583952 2187 
2289789 6561 
2283228 6561 
9144576 729 
4570830 2187 
2283228 6561 
4566456 2187 
4548960 2187 
2270106 6561 
2256984 6561 
1121931 19683 
1102248 19683 
531441 59049 
4478976 2187 
2237301 6561 
2230740 6561 
1102248 19683 
531441 59049 
2204496 6561 
2099520 6561 
1043199 19683 
1023516 19683 
472392 59049 
177147 177147 
944784 19683 
8957952 729 
17915904 243 
74317824 27 
70778880 27 
35389386 81 
35389224 81 
17694531 243 
17694288 243 
35388576 81 
35385984 81 
17692830 243 
17692344 243 
8845686 729 
4422114 2187 
17690400 243 
8844957 729 
8844228 729 
8841312 729 
4419927 2187 
4417740 2187 
2204496 6561 
35375616 81 
17687727 243 
17687484 243 
8843499 729 
17686512 243 
8842770 729 
8841312 729 
4419927 2187 
4417740 2187 
2204496 6561 
17682624 243 
17667072 243 
8833293 729 
8832564 729 
4415553 2187 
8829648 729 
4413366 2187 
2204496 6561 
4408992 2187 
8817984 729 
35334144 81 
35168256 81 
17583966 243 
8791740 729 
17583480 243 
17581536 243 
8790282 729 
8788824 729 
4393683 2187 
4391496 2187 
2191374 6561 
17573760 243 
8786637 729 
8785908 729 
4391496 2187 
8782992 729 
8771328 729 
4384935 2187 
4382748 2187 
4374000 2187 
2184813 6561 
2178252 6561 
1082565 19683 
17542656 243 
17418240 243 
8708634 729 
8707176 729 
4352130 2187 
8701344 729 
4349943 2187 
4347756 2187 
2171691 6561 
4339008 2187 
2165130 6561 
2152008 6561 
1062882 19683 
8678016 729 
8584704 729 
4290894 2187 
4286520 2187 
2138886 6561 
1062882 19683 
4269024 2187 
2132325 6561 
2125764 6561 
2099520 6561 
1043199 19683 
1023516 19683 
472392 59049 
177147 177147 
4199040 2187 
34504704 81 
17252271 243 
17252028 243 
8625528 729 
17251056 243 
17247168 243 
8623341 729 
8622612 729 
4310577 2187 
8619696 729 
4308390 2187 
2152008 6561 
4304016 2187 
17231616 243 
8615322 729 
8613864 729 
4306203 2187 
4304016 2187 
8608032 729 
8584704 729 
4290894 2187 
4286520 2187 
2138886 6561 
1062882 19683 
4269024 2187 
2132325 6561 
2125764 6561 
2099520 6561 
1043199 19683 
1023516 19683 
472392 59049 
177147 177147 
17169408 243 
16920576 243 
8460045 729 
8459316 729 
8456400 729 
4227471 2187 
4225284 2187 
8444736 729 
4220910 2187 
4216536 2187 
2106081 6561 
2099520 6561 
1043199 19683 
4199040 2187 
8398080 729 
8211456 729 
4104999 2187 
4102812 2187 
2047032 6561 
4094064 2187 
4059072 2187 
2027349 6561 
2020788 6561 
1003833 19683 
1994544 6561 
984150 19683 
472392 59049 
944784 19683 
3919104 2187 
1955178 6561 
1942056 6561 
964467 19683 
944784 19683 
1889568 6561 
1679616 6561 
826686 19683 
787320 19683 
354294 59049 
629856 19683 
295245 59049 
236196 59049 
15925248 243 
7962138 729 
3980340 2187 
7960680 729 
7954848 729 
3975966 2187 
3971592 2187 
1981422 6561 
984150 19683 
7931520 729 
3965031 2187 
3962844 2187 
3954096 2187 
1974861 6561 
1968300 6561 
3919104 2187 
1955178 6561 
1942056 6561 
964467 19683 
944784 19683 
1889568 6561 
7838208 729 
7464960 729 
3731022 2187 
1863324 6561 
3726648 2187 
3709152 2187 
1850202 6561 
1837080 6561 
905418 19683 
3639168 2187 
1817397 6561 
1810836 6561 
1784592 6561 
885735 19683 
866052 19683 
413343 59049 
1679616 6561 
826686 19683 
787320 19683 
354294 59049 
629856 19683 
295245 59049 
236196 59049 
3359232 2187 
5971968 729 
2985255 2187 
2983068 2187 
1489347 6561 
2974320 2187 
1482786 6561 
1469664 6561 
728271 19683 
708588 19683 
2939328 2187 
2799360 2187 
1397493 6561 
1390932 6561 
688905 19683 
1364688 6561 
669222 19683 
629856 19683 
295245 59049 
236196 59049 
1259712 6561 
2239488 2187 
1115370 6561 
551124 19683 
1102248 6561 
1049760 6561 
511758 19683 
236196 59049 
472392 19683 
839808 6561 
413343 19683 
393660 19683 
177147 59049 
314928 19683 
118098 59049 
31850496 81 
56623104 27 
28311525 81 
28311444 81 
28311120 81 
14155479 243 
14155236 243 
7077132 729 
28309824 81 
14154750 243 
7077132 729 
14154264 243 
14152320 243 
7075674 729 
7074216 729 
3536379 2187 
3534192 2187 
1764909 6561 
28304640 81 
28283904 81 
14141871 243 
14141628 243 
7070571 729 
14140656 243 
7069842 729 
3534192 2187 
7068384 729 
14136768 243 
14121216 243 
7060365 729 
7059636 729 
7056720 729 
3527631 2187 
3525444 2187 
1758348 6561 
7045056 729 
3521070 2187 
1758348 6561 
3516696 2187 
3499200 2187 
1745226 6561 
866052 19683 
1732104 6561 
28200960 81 
14100318 243 
14099832 243 
7049430 729 
14097888 243 
7048701 729 
7047972 729 
3523257 2187 
7045056 729 
3521070 2187 
1758348 6561 
3516696 2187 
14090112 243 
14059008 243 
7029018 729 
7027560 729 
3512322 2187 
7021728 729 
3510135 2187 
3507948 2187 
1751787 6561 
3499200 2187 
1745226 6561 
866052 19683 
1732104 6561 
6998400 729 
13934592 243 
6967053 729 
6966324 729 
3481704 2187 
1738665 6561 
6963408 729 
6951744 729 
3475143 2187 
3472956 2187 
1732104 6561 
3464208 2187 
6905088 729 
3451086 2187 
3446712 2187 
1718982 6561 
3429216 2187 
1712421 6561 
1705860 6561 
846369 19683 
1679616 6561 
826686 19683 
787320 19683 
354294 59049 
3359232 2187 
6718464 729 
27869184 81 
26542080 81 
13270959 243 
13270716 243 
13269744 243 
6634629 729 
6633900 729 
3315492 2187 
13265856 243 
6632442 729 
3315492 2187 
6630984 729 
6625152 729 
3311118 2187 
1653372 6561 
3306744 2187 
13250304 243 
13188096 243 
6593805 729 
6593076 729 
3295809 2187 
6590160 729 
3293622 2187 
3289248 2187 
1640250 6561 
6578496 729 
6531840 729 
3265191 2187 
3263004 2187 
1627128 6561 
807003 19683 
3254256 2187 
3219264 2187 
1607445 6561 
1600884 6561 
787320 19683 
1574640 6561 
12939264 243 
6469146 729 
6467688 729 
3232386 2187 
1614006 6561 
6461856 729 
3230199 2187 
3228012 2187 
3219264 2187 
1607445 6561 
1600884 6561 
787320 19683 
6438528 729 
6345216 729 
3171150 2187 
3166776 2187 
1581201 6561 
1574640 6561 
3149280 2187 
3079296 2187 
1535274 6561 
1522152 6561 
747954 19683 
354294 59049 
1469664 6561 
728271 19683 
708588 19683 
629856 19683 
295245 59049 
236196 59049 
5971968 729 
2985255 2187 
2983068 2187 
1489347 6561 
2974320 2187 
1482786 6561 
1469664 6561 
728271 19683 
708588 19683 
2939328 2187 
2799360 2187 
1397493 6561 
1390932 6561 
688905 19683 
1364688 6561 
669222 19683 
629856 19683 
295245 59049 
236196 59049 
1259712 6561 
2239488 2187 
1115370 6561 
551124 19683 
1102248 6561 
1049760 6561 
511758 19683 
236196 59049 
472392 19683 
839808 6561 
413343 19683 
393660 19683 
177147 59049 
314928 19683 
118098 59049 
11943936 243 
21233664 81 
10616670 243 
10616184 243 
5307849 729 
5307120 729 
2652831 2187 
10614240 243 
10606464 243 
5302746 729 
2650644 2187 
5301288 729 
5295456 729 
2646270 2187 
2641896 2187 
1318761 6561 
1312200 6561 
649539 19683 
10575360 243 
5287437 729 
5286708 729 
2641896 2187 
1318761 6561 
5283792 729 
5272128 729 
2635335 2187 
2633148 2187 
1312200 6561 
649539 19683 
2624400 2187 
5225472 729 
2611278 2187 
2606904 2187 
1299078 6561 
2589408 2187 
1292517 6561 
1285956 6561 
629856 19683 
295245 59049 
1259712 6561 
2519424 2187 
10450944 243 
9953280 243 
4976154 729 
4974696 729 
2486619 2187 
2484432 2187 
1240029 6561 
4968864 729 
4945536 729 
2471310 2187 
1233468 6561 
2466936 2187 
2449440 2187 
1220346 6561 
1207224 6561 
590490 19683 
4852224 729 
2425383 2187 
2423196 2187 
1207224 6561 
2414448 2187 
2379456 2187 
1187541 6561 
1180980 6561 
1154736 6561 
570807 19683 
551124 19683 
236196 59049 
2239488 2187 
1115370 6561 
551124 19683 
1102248 6561 
1049760 6561 
511758 19683 
236196 59049 
472392 19683 
839808 6561 
413343 19683 
393660 19683 
177147 59049 
314928 19683 
118098 59049 
4478976 729 
7962624 243 
3981069 729 
3980340 729 
3977424 729 
1987983 2187 
1985796 2187 
990711 6561 
3965760 729 
1981422 2187 
1977048 2187 
984150 6561 
1959552 2187 
977589 6561 
971028 6561 
472392 19683 
944784 6561 
3919104 729 
3732480 729 
1865511 2187 
1863324 2187 
1854576 2187 
925101 6561 
918540 6561 
452709 19683 
1819584 2187 
905418 6561 
892296 6561 
433026 19683 
839808 6561 
413343 19683 
393660 19683 
177147 59049 
314928 19683 
118098 59049 
1679616 2187 
2985984 729 
1491534 2187 
1487160 2187 
741393 6561 
734832 6561 
354294 19683 
1469664 2187 
1399680 2187 
695466 6561 
682344 6561 
334611 19683 
314928 19683 
118098 59049 
629856 6561 
1119744 2187 
557685 6561 
551124 6561 
524880 6561 
255879 19683 
236196 19683 
419904 6561 
196830 19683 
157464 19683 
59049 59049 
