2147483648 1 
1073741823 3 
1073741820 3 
536870907 9 
1073741808 3 
536870898 9 
536870880 9 
268435431 27 
268435404 27 
134217648 81 
1073741760 3 
1073741568 3 
536870781 9 
536870772 9 
268435377 27 
536870736 9 
268435350 27 
134217648 81 
268435296 27 
536870592 9 
1073740800 3 
536870394 9 
268435188 27 
536870376 9 
536870304 9 
268435134 27 
268435080 27 
134217486 81 
536870016 9 
268434999 27 
268434972 27 
268434864 27 
134217405 81 
134217324 81 
67108581 243 
268434432 27 
134217162 81 
134217000 81 
67108338 243 
134216352 81 
67108095 243 
67107852 243 
33553683 729 
67106880 243 
33552954 729 
33551496 729 
16774290 2187 
8384958 6561 
536868864 9 
1073737728 3 
1073725440 3 
536862717 9 
536862708 9 
536862672 9 
268431327 27 
268431300 27 
134215623 81 
536862528 9 
268431246 27 
268431192 27 
134215542 81 
268430976 27 
134215461 81 
134215380 81 
67107609 243 
134215056 81 
67107366 243 
67106880 243 
33552954 729 
536861952 9 
536859648 9 
268429815 27 
268429788 27 
268429680 27 
134214813 81 
134214732 81 
268429248 27 
134214570 81 
134214408 81 
67107123 243 
67106880 243 
33552954 729 
134213760 81 
268427520 27 
536850432 9 
268425198 27 
268425144 27 
134212545 81 
134212464 81 
67106151 243 
268424928 27 
268424064 27 
134211978 81 
67105908 243 
134211816 81 
134211168 81 
67105422 243 
67104936 243 
33552225 729 
33551496 729 
16774290 2187 
8384958 6561 
268420608 27 
134210277 81 
134210196 81 
67104936 243 
33552225 729 
134209872 81 
134208576 81 
67104207 243 
67103964 243 
33551496 729 
67102992 243 
134203392 81 
67101534 243 
67101048 243 
33550038 729 
16774290 2187 
67099104 243 
33549309 729 
33548580 729 
33545664 729 
16772103 2187 
16769916 2187 
67091328 243 
268406784 27 
1073676288 3 
536838138 9 
536838120 9 
268419042 27 
536838048 9 
268419015 27 
268418988 27 
134209467 81 
268418880 27 
134209386 81 
134209224 81 
67104450 243 
536837760 9 
536836608 9 
268418286 27 
268418232 27 
134209062 81 
67104450 243 
268418016 27 
134208981 81 
134208900 81 
134208576 81 
67104207 243 
67103964 243 
33551496 729 
268417152 27 
536832000 9 
268415991 27 
268415964 27 
134207928 81 
268415856 27 
268415424 27 
134207685 81 
134207604 81 
67103721 243 
134207280 81 
67103478 243 
33551496 729 
67102992 243 
268413696 27 
134206794 81 
134206632 81 
67103235 243 
67102992 243 
134205984 81 
134203392 81 
67101534 243 
67101048 243 
33550038 729 
16774290 2187 
67099104 243 
33549309 729 
33548580 729 
33545664 729 
16772103 2187 
16769916 2187 
268406784 27 
536813568 9 
536739840 9 
268369902 27 
134184924 81 
268369848 27 
268369632 27 
134184762 81 
67092300 243 
134184600 81 
268368768 27 
134184357 81 
134184276 81 
67092057 243 
134183952 81 
67091814 243 
33545664 729 
67091328 243 
134182656 81 
268365312 27 
268351488 27 
134175690 81 
134175528 81 
67087683 243 
67087440 243 
33543477 729 
134174880 81 
134172288 81 
67085982 243 
33542748 729 
67085496 243 
67083552 243 
33541290 729 
16769916 2187 
33539832 729 
134161920 81 
67080879 243 
67080636 243 
33539832 729 
67079664 243 
67075776 243 
33537645 729 
33536916 729 
16767729 2187 
33534000 729 
16765542 2187 
16761168 2187 
8378397 6561 
8371836 6561 
4172796 19683 
2066715 59049 
67060224 243 
33529626 729 
33528168 729 
16763355 2187 
16761168 2187 
8378397 6561 
33522336 729 
33499008 729 
16748046 2187 
8371836 6561 
16743672 2187 
16726176 2187 
8358714 6561 
4172796 19683 
8345592 6561 
268296192 27 
134148069 81 
134147988 81 
67073832 243 
134147664 81 
134146368 81 
67073103 243 
67072860 243 
33536187 729 
67071888 243 
33535458 729 
33534000 729 
16765542 2187 
134141184 81 
67070430 243 
67069944 243 
33534729 729 
33534000 729 
16765542 2187 
67068000 243 
67060224 243 
33529626 729 
33528168 729 
16763355 2187 
16761168 2187 
8378397 6561 
33522336 729 
134120448 81 
134037504 81 
67018671 243 
67018428 243 
67017456 243 
33508485 729 
33507756 729 
16752420 2187 
67013568 243 
33506298 729 
16752420 2187 
33504840 729 
33499008 729 
16748046 2187 
8371836 6561 
16743672 2187 
66998016 243 
66935808 243 
33467661 729 
33466932 729 
16732737 2187 
33464016 729 
16730550 2187 
16726176 2187 
8358714 6561 
4172796 19683 
33452352 729 
33405696 729 
16702119 2187 
16699932 2187 
8345592 6561 
16691184 2187 
16656192 2187 
8325909 6561 
8319348 6561 
4153113 19683 
8293104 6561 
4133430 19683 
4094064 19683 
2007666 59049 
1073479680 3 
1072693248 3 
536346621 9 
536346612 9 
268173288 27 
536346576 9 
536346432 9 
268173207 27 
268173180 27 
268173072 27 
134086509 81 
134086428 81 
536345856 9 
268172910 27 
134086428 81 
268172856 27 
268172640 27 
134086266 81 
134086104 81 
67042971 243 
67042728 243 
33520878 729 
268171776 27 
134085861 81 
134085780 81 
67042728 243 
134085456 81 
134084160 81 
67041999 243 
67041756 243 
67040784 243 
33520149 729 
33519420 729 
16758981 2187 
536343552 9 
536334336 9 
268167159 27 
268167132 27 
134083512 81 
268167024 27 
268166592 27 
134083269 81 
134083188 81 
67041513 243 
134082864 81 
67041270 243 
67040784 243 
33520149 729 
33519420 729 
16758981 2187 
268164864 27 
134082378 81 
134082216 81 
67041027 243 
67040784 243 
33520149 729 
134081568 81 
134078976 81 
67039326 243 
33519420 729 
67038840 243 
67036896 243 
33517962 729 
33516504 729 
16756794 2187 
268157952 27 
536297472 9 
268148718 27 
268148664 27 
134074278 81 
268148448 27 
134074197 81 
134074116 81 
67036896 243 
134073792 81 
268147584 27 
268144128 27 
134072010 81 
67035924 243 
134071848 81 
134071200 81 
67035438 243 
67034952 243 
33517233 729 
33516504 729 
16756794 2187 
134068608 81 
67034223 243 
67033980 243 
33516504 729 
67033008 243 
67029120 243 
33514317 729 
33513588 729 
33510672 729 
16754607 2187 
16752420 2187 
8371836 6561 
268130304 27 
134065125 81 
134065044 81 
134064720 81 
67032279 243 
67032036 243 
33515775 729 
134063424 81 
67031550 243 
67031064 243 
33515046 729 
16756794 2187 
67029120 243 
33514317 729 
33513588 729 
33510672 729 
16754607 2187 
16752420 2187 
8371836 6561 
134058240 81 
134037504 81 
67018671 243 
67018428 243 
67017456 243 
33508485 729 
33507756 729 
16752420 2187 
67013568 243 
33506298 729 
16752420 2187 
33504840 729 
33499008 729 
16748046 2187 
8371836 6561 
16743672 2187 
66998016 243 
268075008 27 
536150016 9 
535560192 9 
267780087 27 
267780060 27 
133890003 81 
267779952 27 
133889922 81 
133889760 81 
66944799 243 
66944556 243 
33472035 729 
267779520 27 
267777792 27 
133888869 81 
133888788 81 
66944313 243 
133888464 81 
66944070 243 
66943584 243 
33471306 729 
16734924 2187 
133887168 81 
267770880 27 
133885386 81 
66942612 243 
133885224 81 
133884576 81 
66942126 243 
66941640 243 
33470577 729 
33469848 729 
133881984 81 
66940911 243 
66940668 243 
33469848 729 
66939696 243 
66935808 243 
33467661 729 
33466932 729 
16732737 2187 
33464016 729 
16730550 2187 
16726176 2187 
8358714 6561 
4172796 19683 
133871616 81 
267743232 27 
267632640 27 
133816293 81 
133816212 81 
133815888 81 
66907863 243 
66907620 243 
133814592 81 
66907134 243 
66906648 243 
33453081 729 
33452352 729 
66904704 243 
133809408 81 
133788672 81 
66894255 243 
66894012 243 
33446520 729 
66893040 243 
66889152 243 
33444333 729 
33443604 729 
33440688 729 
16719615 2187 
16717428 2187 
66873600 243 
33436314 729 
16717428 2187 
33434856 729 
33429024 729 
16713054 2187 
16708680 2187 
8352153 6561 
8345592 6561 
33405696 729 
16702119 2187 
16699932 2187 
8345592 6561 
16691184 2187 
16656192 2187 
8325909 6561 
8319348 6561 
4153113 19683 
8293104 6561 
4133430 19683 
4094064 19683 
2007666 59049 
133705728 81 
66852702 243 
33426108 729 
66852216 243 
66850272 243 
33424650 729 
33423192 729 
16710867 2187 
16708680 2187 
8352153 6561 
66842496 243 
33421005 729 
33420276 729 
16708680 2187 
8352153 6561 
33417360 729 
33405696 729 
16702119 2187 
16699932 2187 
8345592 6561 
16691184 2187 
66811392 243 
66686976 243 
33343002 729 
33341544 729 
16669314 2187 
8332470 6561 
33335712 729 
16667127 2187 
16664940 2187 
16656192 2187 
8325909 6561 
8319348 6561 
4153113 19683 
33312384 729 
33219072 729 
16608078 2187 
16603704 2187 
8299665 6561 
8293104 6561 
4133430 19683 
16586208 2187 
16516224 2187 
8253738 6561 
8240616 6561 
4113747 19683 
4094064 19683 
2007666 59049 
8188128 6561 
267190272 27 
133595082 81 
133594920 81 
66797298 243 
33398406 729 
133594272 81 
66797055 243 
66796812 243 
66795840 243 
33397677 729 
33396948 729 
16697745 2187 
133591680 81 
133581312 81 
66790494 243 
66790008 243 
33394761 729 
33394032 729 
16695558 2187 
8345592 6561 
66788064 243 
66780288 243 
33389658 729 
33388200 729 
16693371 2187 
16691184 2187 
33382368 729 
133539840 81 
66769839 243 
66769596 243 
33384555 729 
66768624 243 
33383826 729 
16691184 2187 
33382368 729 
66764736 243 
66749184 243 
33374349 729 
33373620 729 
33370704 729 
16684623 2187 
16682436 2187 
8339031 6561 
33359040 729 
16678062 2187 
16673688 2187 
8332470 6561 
16656192 2187 
8325909 6561 
8319348 6561 
4153113 19683 
8293104 6561 
4133430 19683 
4094064 19683 
2007666 59049 
66686976 243 
33343002 729 
33341544 729 
16669314 2187 
8332470 6561 
33335712 729 
16667127 2187 
16664940 2187 
16656192 2187 
8325909 6561 
8319348 6561 
4153113 19683 
33312384 729 
33219072 729 
16608078 2187 
16603704 2187 
8299665 6561 
8293104 6561 
4133430 19683 
16586208 2187 
16516224 2187 
8253738 6561 
8240616 6561 
4113747 19683 
4094064 19683 
2007666 59049 
8188128 6561 
133373952 81 
132710400 81 
66355038 243 
66354552 243 
33176790 729 
66352608 243 
33176061 729 
33175332 729 
16586208 2187 
33172416 729 
66344832 243 
66313728 243 
33156378 729 
16577460 2187 
33154920 729 
33149088 729 
16573086 2187 
16568712 2187 
8279982 6561 
4133430 19683 
33125760 729 
16562151 2187 
16559964 2187 
16551216 2187 
8273421 6561 
8266860 6561 
16516224 2187 
8253738 6561 
8240616 6561 
4113747 19683 
4094064 19683 
2007666 59049 
8188128 6561 
66189312 243 
33094413 729 
33093684 729 
33090768 729 
16544655 2187 
16542468 2187 
8266860 6561 
33079104 729 
16538094 2187 
8266860 6561 
16533720 2187 
16516224 2187 
8253738 6561 
8240616 6561 
4113747 19683 
4094064 19683 
2007666 59049 
33032448 729 
32845824 729 
16422183 2187 
16419996 2187 
8207811 6561 
16411248 2187 
8201250 6561 
4094064 19683 
8188128 6561 
16376256 2187 
16236288 2187 
8115957 6561 
8109396 6561 
8083152 6561 
4035015 19683 
4015332 19683 
7978176 6561 
3975966 19683 
3936600 19683 
1948617 59049 
1889568 59049 
885735 177147 
3779136 19683 
65691648 243 
1069547520 3 
534773754 9 
534773736 9 
267386859 27 
267386832 27 
534773664 9 
534773376 9 
267386670 27 
267386616 27 
133693254 81 
267386400 27 
133693173 81 
133693092 81 
66846384 243 
133692768 81 
534772224 9 
267386103 27 
267386076 27 
133693011 81 
267385968 27 
133692930 81 
66846384 243 
133692768 81 
267385536 27 
267383808 27 
133691877 81 
133691796 81 
133691472 81 
66845655 243 
66845412 243 
33422463 729 
133690176 81 
66844926 243 
66844440 243 
33421734 729 
66842496 243 
33421005 729 
33420276 729 
16708680 2187 
8352153 6561 
33417360 729 
534767616 9 
534749184 9 
267374574 27 
133687260 81 
267374520 27 
267374304 27 
133687098 81 
66843468 243 
133686936 81 
267373440 27 
133686693 81 
133686612 81 
66843225 243 
133686288 81 
66842982 243 
66842496 243 
33421005 729 
33420276 729 
16708680 2187 
8352153 6561 
133684992 81 
267369984 27 
267356160 27 
133678026 81 
133677864 81 
66838851 243 
66838608 243 
33418818 729 
16708680 2187 
133677216 81 
133674624 81 
66837150 243 
66836664 243 
33418089 729 
33417360 729 
66834720 243 
133664256 81 
66832047 243 
66831804 243 
66830832 243 
33415173 729 
33414444 729 
16706493 2187 
66826944 243 
33412986 729 
33411528 729 
16704306 2187 
33405696 729 
16702119 2187 
16699932 2187 
8345592 6561 
16691184 2187 
66811392 243 
534675456 9 
267337719 27 
267337692 27 
133668792 81 
267337584 27 
267337152 27 
133668549 81 
133668468 81 
133668144 81 
66833991 243 
66833748 243 
33416631 729 
267335424 27 
133667658 81 
66833748 243 
133667496 81 
133666848 81 
66833262 243 
66832776 243 
33415902 729 
133664256 81 
66832047 243 
66831804 243 
66830832 243 
33415173 729 
33414444 729 
16706493 2187 
66826944 243 
33412986 729 
33411528 729 
16704306 2187 
33405696 729 
16702119 2187 
16699932 2187 
8345592 6561 
16691184 2187 
267328512 27 
267300864 27 
133650405 81 
133650324 81 
66825000 243 
33412257 729 
133650000 81 
133648704 81 
66824271 243 
66824028 243 
33411528 729 
66823056 243 
133643520 81 
66821598 243 
66821112 243 
33410070 729 
16704306 2187 
66819168 243 
33409341 729 
33408612 729 
33405696 729 
16702119 2187 
16699932 2187 
8345592 6561 
66811392 243 
133622784 81 
267190272 27 
133595082 81 
133594920 81 
66797298 243 
33398406 729 
133594272 81 
66797055 243 
66796812 243 
66795840 243 
33397677 729 
33396948 729 
16697745 2187 
133591680 81 
133581312 81 
66790494 243 
66790008 243 
33394761 729 
33394032 729 
16695558 2187 
8345592 6561 
66788064 243 
66780288 243 
33389658 729 
33388200 729 
16693371 2187 
16691184 2187 
33382368 729 
133539840 81 
66769839 243 
66769596 243 
33384555 729 
66768624 243 
33383826 729 
16691184 2187 
33382368 729 
66764736 243 
66749184 243 
33374349 729 
33373620 729 
33370704 729 
16684623 2187 
16682436 2187 
8339031 6561 
33359040 729 
16678062 2187 
16673688 2187 
8332470 6561 
16656192 2187 
8325909 6561 
8319348 6561 
4153113 19683 
8293104 6561 
4133430 19683 
4094064 19683 
2007666 59049 
66686976 243 
33343002 729 
33341544 729 
16669314 2187 
8332470 6561 
33335712 729 
16667127 2187 
16664940 2187 
16656192 2187 
8325909 6561 
8319348 6561 
4153113 19683 
33312384 729 
33219072 729 
16608078 2187 
16603704 2187 
8299665 6561 
8293104 6561 
4133430 19683 
16586208 2187 
16516224 2187 
8253738 6561 
8240616 6561 
4113747 19683 
4094064 19683 
2007666 59049 
8188128 6561 
133373952 81 
534380544 9 
533200896 9 
266600430 27 
266600376 27 
133300161 81 
133300080 81 
266600160 27 
266599296 27 
133299594 81 
133299432 81 
66649554 243 
133298784 81 
66649311 243 
66649068 243 
33324048 729 
66648096 243 
266595840 27 
133297893 81 
133297812 81 
66648825 243 
133297488 81 
66648582 243 
33324048 729 
66648096 243 
133296192 81 
133291008 81 
66645423 243 
66645180 243 
66644208 243 
33321861 729 
33321132 729 
66640320 243 
33319674 729 
33318216 729 
16658379 2187 
16656192 2187 
8325909 6561 
33312384 729 
266582016 27 
266526720 27 
133263306 81 
66631572 243 
133263144 81 
133262496 81 
66631086 243 
33315300 729 
66630600 243 
133259904 81 
66629871 243 
66629628 243 
33314571 729 
66628656 243 
33313842 729 
16656192 2187 
33312384 729 
66624768 243 
133249536 81 
133208064 81 
66603870 243 
66603384 243 
33301449 729 
33300720 729 
16649631 2187 
66601440 243 
66593664 243 
33296346 729 
16647444 2187 
33294888 729 
33289056 729 
16643070 2187 
8319348 6561 
16638696 2187 
66562560 243 
33281037 729 
33280308 729 
16638696 2187 
33277392 729 
33265728 729 
16632135 2187 
16629948 2187 
8312787 6561 
16621200 2187 
8306226 6561 
8293104 6561 
4133430 19683 
33219072 729 
16608078 2187 
16603704 2187 
8299665 6561 
8293104 6561 
4133430 19683 
16586208 2187 
16516224 2187 
8253738 6561 
8240616 6561 
4113747 19683 
4094064 19683 
2007666 59049 
8188128 6561 
266305536 27 
133152741 81 
133152660 81 
66576168 243 
133152336 81 
133151040 81 
66575439 243 
66575196 243 
66574224 243 
33286869 729 
33286140 729 
133145856 81 
66572766 243 
33286140 729 
66572280 243 
66570336 243 
33284682 729 
33283224 729 
16640883 2187 
16638696 2187 
66562560 243 
33281037 729 
33280308 729 
16638696 2187 
33277392 729 
33265728 729 
16632135 2187 
16629948 2187 
8312787 6561 
16621200 2187 
8306226 6561 
8293104 6561 
4133430 19683 
133125120 81 
133042176 81 
66521007 243 
66520764 243 
33259896 729 
66519792 243 
66515904 243 
33257709 729 
33256980 729 
16627761 2187 
33254064 729 
16625574 2187 
16621200 2187 
8306226 6561 
66500352 243 
33249690 729 
33248232 729 
16623387 2187 
16621200 2187 
8306226 6561 
33242400 729 
33219072 729 
16608078 2187 
16603704 2187 
8299665 6561 
8293104 6561 
4133430 19683 
16586208 2187 
66438144 243 
132710400 81 
66355038 243 
66354552 243 
33176790 729 
66352608 243 
33176061 729 
33175332 729 
16586208 2187 
33172416 729 
66344832 243 
66313728 243 
33156378 729 
16577460 2187 
33154920 729 
33149088 729 
16573086 2187 
16568712 2187 
8279982 6561 
4133430 19683 
33125760 729 
16562151 2187 
16559964 2187 
16551216 2187 
8273421 6561 
8266860 6561 
16516224 2187 
8253738 6561 
8240616 6561 
4113747 19683 
4094064 19683 
2007666 59049 
8188128 6561 
66189312 243 
33094413 729 
33093684 729 
33090768 729 
16544655 2187 
16542468 2187 
8266860 6561 
33079104 729 
16538094 2187 
8266860 6561 
16533720 2187 
16516224 2187 
8253738 6561 
8240616 6561 
4113747 19683 
4094064 19683 
2007666 59049 
33032448 729 
32845824 729 
16422183 2187 
16419996 2187 
8207811 6561 
16411248 2187 
8201250 6561 
4094064 19683 
8188128 6561 
16376256 2187 
16236288 2187 
8115957 6561 
8109396 6561 
8083152 6561 
4035015 19683 
4015332 19683 
7978176 6561 
3975966 19683 
3936600 19683 
1948617 59049 
1889568 59049 
885735 177147 
3779136 19683 
65691648 243 
265420800 27 
528482304 9 
264241143 27 
264241116 27 
264241008 27 
132120477 81 
132120396 81 
66060036 243 
264240576 27 
132120234 81 
66060036 243 
132120072 81 
132119424 81 
66059550 243 
33029532 729 
66059064 243 
264238848 27 
264231936 27 
132115941 81 
132115860 81 
66057849 243 
132115536 81 
66057606 243 
66057120 243 
33028074 729 
132114240 81 
132109056 81 
66054447 243 
66054204 243 
33026616 729 
66053232 243 
66049344 243 
33024429 729 
33023700 729 
33020784 729 
16509663 2187 
16507476 2187 
264204288 27 
132102090 81 
132101928 81 
66050802 243 
33025158 729 
132101280 81 
66050559 243 
66050316 243 
66049344 243 
33024429 729 
33023700 729 
132098688 81 
132088320 81 
66043998 243 
66043512 243 
33021513 729 
33020784 729 
16509663 2187 
66041568 243 
66033792 243 
33016410 729 
16507476 2187 
33014952 729 
33009120 729 
16503102 2187 
16498728 2187 
8247177 6561 
8240616 6561 
4113747 19683 
132046848 81 
66023343 243 
66023100 243 
33011307 729 
66022128 243 
33010578 729 
33009120 729 
16503102 2187 
66018240 243 
66002688 243 
33001101 729 
33000372 729 
16498728 2187 
8247177 6561 
32997456 729 
32985792 729 
16492167 2187 
16489980 2187 
8240616 6561 
4113747 19683 
16481232 2187 
65940480 243 
32969754 729 
32968296 729 
16483419 2187 
16481232 2187 
32962464 729 
32939136 729 
16468110 2187 
16463736 2187 
8227494 6561 
16446240 2187 
8220933 6561 
8214372 6561 
4094064 19683 
8188128 6561 
32845824 729 
16422183 2187 
16419996 2187 
8207811 6561 
16411248 2187 
8201250 6561 
4094064 19683 
8188128 6561 
16376256 2187 
16236288 2187 
8115957 6561 
8109396 6561 
8083152 6561 
4035015 19683 
4015332 19683 
7978176 6561 
3975966 19683 
3936600 19683 
1948617 59049 
1889568 59049 
885735 177147 
3779136 19683 
264093696 27 
263651328 27 
131825637 81 
131825556 81 
131825232 81 
65912535 243 
65912292 243 
32955903 729 
131823936 81 
65911806 243 
65911320 243 
32955174 729 
16476858 2187 
65909376 243 
32954445 729 
32953716 729 
32950800 729 
16474671 2187 
16472484 2187 
8234055 6561 
131818752 81 
131798016 81 
65898927 243 
65898684 243 
65897712 243 
32948613 729 
32947884 729 
16472484 2187 
8234055 6561 
65893824 243 
32946426 729 
16472484 2187 
32944968 729 
32939136 729 
16468110 2187 
16463736 2187 
8227494 6561 
65878272 243 
131715072 81 
65857374 243 
65856888 243 
32928201 729 
32927472 729 
65854944 243 
65847168 243 
32923098 729 
32921640 729 
16459362 2187 
8227494 6561 
32915808 729 
16457175 2187 
16454988 2187 
16446240 2187 
8220933 6561 
8214372 6561 
4094064 19683 
65816064 243 
32907789 729 
32907060 729 
16452801 2187 
32904144 729 
16450614 2187 
16446240 2187 
8220933 6561 
8214372 6561 
4094064 19683 
32892480 729 
32845824 729 
16422183 2187 
16419996 2187 
8207811 6561 
16411248 2187 
8201250 6561 
4094064 19683 
8188128 6561 
16376256 2187 
65691648 243 
131383296 81 
261881856 27 
130940874 81 
130940712 81 
65470275 243 
65470032 243 
130940064 81 
130937472 81 
65468574 243 
65468088 243 
32733558 729 
65466144 243 
32732829 729 
32732100 729 
16365321 2187 
32729184 729 
16363134 2187 
16358760 2187 
8175006 6561 
130927104 81 
65463471 243 
65463228 243 
32731371 729 
65462256 243 
32730642 729 
32729184 729 
16363134 2187 
65458368 243 
65442816 243 
32721165 729 
32720436 729 
16358760 2187 
32717520 729 
32705856 729 
16352199 2187 
16350012 2187 
16341264 2187 
8168445 6561 
8161884 6561 
4074381 19683 
130885632 81 
130719744 81 
65359710 243 
32679612 729 
65359224 243 
65357280 243 
32678154 729 
32676696 729 
16336890 2187 
65349504 243 
32674509 729 
32673780 729 
32670864 729 
16334703 2187 
16332516 2187 
8161884 6561 
4074381 19683 
32659200 729 
16328142 2187 
8161884 6561 
16323768 2187 
16306272 2187 
8148762 6561 
8135640 6561 
4054698 19683 
2007666 59049 
65318400 243 
65193984 243 
32596506 729 
16297524 2187 
32595048 729 
32589216 729 
16293150 2187 
16288776 2187 
8142201 6561 
8135640 6561 
4054698 19683 
2007666 59049 
32565888 729 
16282215 2187 
16280028 2187 
8135640 6561 
16271280 2187 
16236288 2187 
8115957 6561 
8109396 6561 
8083152 6561 
4035015 19683 
4015332 19683 
32472576 729 
130056192 81 
65028015 243 
65027772 243 
32513400 729 
16255971 2187 
65026800 243 
65022912 243 
32511213 729 
32510484 729 
16253784 2187 
32507568 729 
65007360 243 
32503194 729 
32501736 729 
16249410 2187 
8122518 6561 
32495904 729 
16247223 2187 
16245036 2187 
16236288 2187 
8115957 6561 
8109396 6561 
32472576 729 
64945152 243 
64696320 243 
32347917 729 
32347188 729 
16172865 2187 
32344272 729 
16170678 2187 
8083152 6561 
16166304 2187 
32332608 729 
32285952 729 
16142247 2187 
16140060 2187 
16131312 2187 
8063469 6561 
8056908 6561 
4015332 19683 
16096320 2187 
8043786 6561 
4015332 19683 
8030664 6561 
7978176 6561 
3975966 19683 
3936600 19683 
1948617 59049 
1889568 59049 
885735 177147 
32099328 729 
16048206 2187 
16043832 2187 
8017542 6561 
16026336 2187 
8010981 6561 
8004420 6561 
3995649 19683 
7978176 6561 
3975966 19683 
3936600 19683 
1948617 59049 
1889568 59049 
885735 177147 
15956352 2187 
15676416 2187 
7833834 6561 
7820712 6561 
3897234 19683 
7768224 6561 
3877551 19683 
3857868 19683 
1889568 59049 
885735 177147 
3779136 19683 
7558272 6561 
63700992 243 
31850010 729 
31848552 729 
15923547 2187 
15921360 2187 
7958493 6561 
31842720 729 
31819392 729 
15908238 2187 
7951932 6561 
15903864 2187 
15886368 2187 
7938810 6561 
7925688 6561 
3956283 19683 
3936600 19683 
1948617 59049 
31726080 729 
15862311 2187 
15860124 2187 
7925688 6561 
3956283 19683 
15851376 2187 
15816384 2187 
7906005 6561 
7899444 6561 
3936600 19683 
1948617 59049 
7873200 6561 
15676416 2187 
7833834 6561 
7820712 6561 
3897234 19683 
7768224 6561 
3877551 19683 
3857868 19683 
1889568 59049 
885735 177147 
3779136 19683 
7558272 6561 
31352832 729 
29859840 729 
14928462 2187 
14924088 2187 
7459857 6561 
7453296 6561 
3720087 19683 
14906592 2187 
14836608 2187 
7413930 6561 
3700404 19683 
7400808 6561 
7348320 6561 
3661038 19683 
3621672 19683 
1771470 59049 
14556672 2187 
7276149 6561 
7269588 6561 
3621672 19683 
7243344 6561 
7138368 6561 
3562623 19683 
3542940 19683 
3464208 19683 
1712421 59049 
1653372 59049 
708588 177147 
6718464 6561 
3346110 19683 
1653372 59049 
3306744 19683 
3149280 19683 
1535274 59049 
708588 177147 
1417176 59049 
2519424 19683 
1240029 59049 
1180980 59049 
531441 177147 
944784 59049 
354294 177147 
13436928 2187 
127401984 81 
254803968 27 
1056964608 3 
1006632960 3 
503316477 9 
503316468 9 
251658225 27 
503316432 9 
251658198 27 
251658144 27 
125829045 81 
125828964 81 
62914401 243 
503316288 9 
503315712 9 
251657847 27 
251657820 27 
125828883 81 
251657712 27 
125828802 81 
125828640 81 
62914158 243 
251657280 27 
503313408 9 
251656686 27 
125828316 81 
251656632 27 
251656416 27 
125828154 81 
125827992 81 
62913915 243 
62913672 243 
31456350 729 
251655552 27 
125827749 81 
125827668 81 
62913672 243 
125827344 81 
125826048 81 
62912943 243 
62912700 243 
62911728 243 
31455621 729 
31454892 729 
15726717 2187 
251652096 27 
503304192 9 
503267328 9 
251633655 27 
251633628 27 
251633520 27 
125816733 81 
125816652 81 
251633088 27 
125816490 81 
125816328 81 
62908083 243 
62907840 243 
31453434 729 
125815680 81 
251631360 27 
251624448 27 
125812197 81 
125812116 81 
62905896 243 
31452705 729 
125811792 81 
125810496 81 
62905167 243 
62904924 243 
31451976 729 
62903952 243 
125805312 81 
62902494 243 
62902008 243 
31450518 729 
15724530 2187 
62900064 243 
31449789 729 
31449060 729 
31446144 729 
15722343 2187 
15720156 2187 
62892288 243 
251596800 27 
125798346 81 
62899092 243 
125798184 81 
125797536 81 
62898606 243 
31449060 729 
62898120 243 
125794944 81 
62897391 243 
62897148 243 
31448331 729 
62896176 243 
31447602 729 
31446144 729 
15722343 2187 
15720156 2187 
62892288 243 
125784576 81 
125743104 81 
62871390 243 
62870904 243 
31435209 729 
31434480 729 
15715782 2187 
62868960 243 
62861184 243 
31430106 729 
31428648 729 
15713595 2187 
15711408 2187 
7853517 6561 
31422816 729 
62830080 243 
31414797 729 
31414068 729 
31411152 729 
15704847 2187 
15702660 2187 
7846956 6561 
3916917 19683 
31399488 729 
15698286 2187 
7846956 6561 
15693912 2187 
15676416 2187 
7833834 6561 
7820712 6561 
3897234 19683 
31352832 729 
503119872 9 
251559918 27 
251559864 27 
125779878 81 
62889858 243 
251559648 27 
125779797 81 
125779716 81 
125779392 81 
62889615 243 
62889372 243 
251558784 27 
251555328 27 
125777610 81 
125777448 81 
62888643 243 
62888400 243 
31443957 729 
125776800 81 
125774208 81 
62886942 243 
31443228 729 
62886456 243 
62884512 243 
31441770 729 
15720156 2187 
31440312 729 
251541504 27 
125770725 81 
125770644 81 
62885241 243 
125770320 81 
62884998 243 
62884512 243 
31441770 729 
15720156 2187 
125769024 81 
125763840 81 
62881839 243 
62881596 243 
31440312 729 
62880624 243 
62876736 243 
31438125 729 
31437396 729 
15717969 2187 
31434480 729 
15715782 2187 
15711408 2187 
7853517 6561 
7846956 6561 
3916917 19683 
125743104 81 
62871390 243 
62870904 243 
31435209 729 
31434480 729 
15715782 2187 
62868960 243 
62861184 243 
31430106 729 
31428648 729 
15713595 2187 
15711408 2187 
7853517 6561 
31422816 729 
62830080 243 
31414797 729 
31414068 729 
31411152 729 
15704847 2187 
15702660 2187 
7846956 6561 
3916917 19683 
31399488 729 
15698286 2187 
7846956 6561 
15693912 2187 
15676416 2187 
7833834 6561 
7820712 6561 
3897234 19683 
31352832 729 
251486208 27 
251265024 27 
125632458 81 
125632296 81 
62815986 243 
125631648 81 
62815743 243 
62815500 243 
31407507 729 
62814528 243 
31406778 729 
15702660 2187 
31405320 729 
125629056 81 
125618688 81 
62809182 243 
62808696 243 
31403862 729 
62806752 243 
31403133 729 
31402404 729 
15700473 2187 
31399488 729 
15698286 2187 
7846956 6561 
15693912 2187 
62798976 243 
125577216 81 
62788527 243 
62788284 243 
31393656 729 
15696099 2187 
62787312 243 
62783424 243 
31391469 729 
31390740 729 
15693912 2187 
31387824 729 
62767872 243 
31383450 729 
31381992 729 
15689538 2187 
31376160 729 
15687351 2187 
15685164 2187 
7840395 6561 
15676416 2187 
7833834 6561 
7820712 6561 
3897234 19683 
31352832 729 
62705664 243 
125411328 81 
502530048 9 
500170752 9 
250085367 27 
250085340 27 
125042616 81 
62521227 243 
250085232 27 
250084800 27 
125042373 81 
125042292 81 
62520984 243 
31260249 729 
125041968 81 
250083072 27 
125041482 81 
125041320 81 
62520498 243 
125040672 81 
62520255 243 
62520012 243 
31259520 729 
62519040 243 
125038080 81 
250076160 27 
250048512 27 
125024229 81 
125024148 81 
62511993 243 
125023824 81 
62511750 243 
62511264 243 
31255146 729 
125022528 81 
125017344 81 
62508591 243 
62508348 243 
31253688 729 
15626115 2187 
62507376 243 
62503488 243 
31251501 729 
31250772 729 
15623928 2187 
31247856 729 
124996608 81 
62498142 243 
62497656 243 
31248585 729 
31247856 729 
62495712 243 
62487936 243 
31243482 729 
31242024 729 
15619554 2187 
7807590 6561 
31236192 729 
15617367 2187 
15615180 2187 
15606432 2187 
7801029 6561 
7794468 6561 
62456832 243 
31228173 729 
31227444 729 
15612993 2187 
31224528 729 
15610806 2187 
15606432 2187 
7801029 6561 
7794468 6561 
31212864 729 
31166208 729 
15582375 2187 
15580188 2187 
7787907 6561 
15571440 2187 
7781346 6561 
7768224 6561 
3877551 19683 
3857868 19683 
1889568 59049 
885735 177147 
15536448 2187 
249937920 27 
124968906 81 
124968744 81 
62484291 243 
62484048 243 
124968096 81 
124965504 81 
62482590 243 
62482104 243 
31240566 729 
15619554 2187 
62480160 243 
31239837 729 
31239108 729 
31236192 729 
15617367 2187 
15615180 2187 
124955136 81 
62477487 243 
62477244 243 
31238379 729 
62476272 243 
31237650 729 
31236192 729 
15617367 2187 
15615180 2187 
62472384 243 
62456832 243 
31228173 729 
31227444 729 
15612993 2187 
31224528 729 
15610806 2187 
15606432 2187 
7801029 6561 
7794468 6561 
31212864 729 
124913664 81 
124747776 81 
62373726 243 
31186620 729 
62373240 243 
62371296 243 
31185162 729 
31183704 729 
15591123 2187 
15588936 2187 
62363520 243 
31181517 729 
31180788 729 
15588936 2187 
31177872 729 
31166208 729 
15582375 2187 
15580188 2187 
7787907 6561 
15571440 2187 
7781346 6561 
7768224 6561 
3877551 19683 
3857868 19683 
1889568 59049 
885735 177147 
62332416 243 
62208000 243 
31103514 729 
31102056 729 
15549570 2187 
31096224 729 
15547383 2187 
15545196 2187 
7768224 6561 
3877551 19683 
15536448 2187 
31072896 729 
30979584 729 
15488334 2187 
7741980 6561 
15483960 2187 
15466464 2187 
7728858 6561 
3857868 19683 
7715736 6561 
15396480 2187 
7696053 6561 
7689492 6561 
3838185 19683 
7663248 6561 
3818502 19683 
1889568 59049 
3779136 19683 
7558272 6561 
249495552 27 
247726080 27 
123863013 81 
123862932 81 
123862608 81 
61931223 243 
61930980 243 
30965004 729 
15481773 2187 
123861312 81 
61930494 243 
30965004 729 
61930008 243 
61928064 243 
30963546 729 
30962088 729 
15479586 2187 
123856128 81 
123835392 81 
61917615 243 
61917372 243 
30958443 729 
61916400 243 
30957714 729 
30956256 729 
15477399 2187 
15475212 2187 
7735419 6561 
61912512 243 
61896960 243 
30948237 729 
30947508 729 
15473025 2187 
30944592 729 
15470838 2187 
15466464 2187 
7728858 6561 
3857868 19683 
30932928 729 
123752448 81 
61876062 243 
61875576 243 
30937302 729 
61873632 243 
30936573 729 
30935844 729 
15466464 2187 
30932928 729 
61865856 243 
61834752 243 
30916890 729 
15457716 2187 
30915432 729 
30909600 729 
15453342 2187 
15448968 2187 
7722297 6561 
7715736 6561 
30886272 729 
15442407 2187 
15440220 2187 
7715736 6561 
15431472 2187 
15396480 2187 
7696053 6561 
7689492 6561 
3838185 19683 
7663248 6561 
3818502 19683 
1889568 59049 
3779136 19683 
61710336 243 
30854925 729 
30854196 729 
30851280 729 
15424911 2187 
15422724 2187 
7709175 6561 
30839616 729 
15418350 2187 
15413976 2187 
7702614 6561 
15396480 2187 
7696053 6561 
7689492 6561 
3838185 19683 
7663248 6561 
3818502 19683 
1889568 59049 
3779136 19683 
30792960 729 
30606336 729 
15302439 2187 
15300252 2187 
15291504 2187 
7643565 6561 
7637004 6561 
15256512 2187 
7623882 6561 
7610760 6561 
3798819 19683 
3779136 19683 
7558272 6561 
15116544 2187 
123420672 81 
122093568 81 
61046703 243 
61046460 243 
61045488 243 
30522501 729 
30521772 729 
61041600 243 
30520314 729 
30518856 729 
15258699 2187 
15256512 2187 
7623882 6561 
30513024 729 
61026048 243 
60963840 243 
30481677 729 
30480948 729 
15239016 2187 
7617321 6561 
30478032 729 
30466368 729 
15232455 2187 
15230268 2187 
7610760 6561 
3798819 19683 
15221520 2187 
30419712 729 
15208398 2187 
15204024 2187 
7597638 6561 
15186528 2187 
7591077 6561 
7584516 6561 
3779136 19683 
7558272 6561 
15116544 2187 
60715008 243 
30357018 729 
15177780 2187 
30355560 729 
30349728 729 
15173406 2187 
7584516 6561 
15169032 2187 
30326400 729 
15162471 2187 
15160284 2187 
7577955 6561 
15151536 2187 
7571394 6561 
3779136 19683 
7558272 6561 
15116544 2187 
30233088 729 
29859840 729 
14928462 2187 
14924088 2187 
7459857 6561 
7453296 6561 
3720087 19683 
14906592 2187 
14836608 2187 
7413930 6561 
3700404 19683 
7400808 6561 
7348320 6561 
3661038 19683 
3621672 19683 
1771470 59049 
14556672 2187 
7276149 6561 
7269588 6561 
3621672 19683 
7243344 6561 
7138368 6561 
3562623 19683 
3542940 19683 
3464208 19683 
1712421 59049 
1653372 59049 
708588 177147 
6718464 6561 
3346110 19683 
1653372 59049 
3306744 19683 
3149280 19683 
1535274 59049 
708588 177147 
1417176 59049 
2519424 19683 
1240029 59049 
1180980 59049 
531441 177147 
944784 59049 
354294 177147 
59719680 243 
490733568 9 
245366766 27 
245366712 27 
122683329 81 
122683248 81 
61341462 243 
30670488 729 
245366496 27 
245365632 27 
122682762 81 
122682600 81 
61341219 243 
61340976 243 
122681952 81 
245362176 27 
122681061 81 
122680980 81 
122680656 81 
61340247 243 
61340004 243 
30669759 729 
122679360 81 
61339518 243 
61339032 243 
30669030 729 
61337088 243 
30668301 729 
30667572 729 
15333057 2187 
30664656 729 
15330870 2187 
7663248 6561 
15326496 2187 
122674176 81 
245348352 27 
245293056 27 
122646474 81 
122646312 81 
61322994 243 
122645664 81 
61322751 243 
61322508 243 
30661011 729 
61321536 243 
30660282 729 
30658824 729 
15328683 2187 
15326496 2187 
122643072 81 
122632704 81 
61316190 243 
61315704 243 
30657366 729 
61313760 243 
30656637 729 
30655908 729 
15326496 2187 
30652992 729 
61305984 243 
122591232 81 
61295535 243 
61295292 243 
30647160 729 
61294320 243 
61290432 243 
30644973 729 
30644244 729 
30641328 729 
15319935 2187 
15317748 2187 
7656687 6561 
61274880 243 
30636954 729 
15317748 2187 
30635496 729 
30629664 729 
15313374 2187 
15309000 2187 
7650126 6561 
3818502 19683 
30606336 729 
15302439 2187 
15300252 2187 
15291504 2187 
7643565 6561 
7637004 6561 
15256512 2187 
7623882 6561 
7610760 6561 
3798819 19683 
3779136 19683 
7558272 6561 
61212672 243 
245071872 27 
122535909 81 
122535828 81 
61267833 243 
122535504 81 
61267590 243 
61267104 243 
30633309 729 
30632580 729 
15315561 2187 
122534208 81 
122529024 81 
61264431 243 
61264188 243 
30631851 729 
61263216 243 
30631122 729 
30629664 729 
15313374 2187 
61259328 243 
122508288 81 
61253982 243 
30626748 729 
61253496 243 
61251552 243 
30625290 729 
30623832 729 
15311187 2187 
15309000 2187 
7650126 6561 
3818502 19683 
61243776 243 
30621645 729 
30620916 729 
15309000 2187 
30618000 729 
30606336 729 
15302439 2187 
15300252 2187 
15291504 2187 
7643565 6561 
7637004 6561 
61212672 243 
122425344 81 
122093568 81 
61046703 243 
61046460 243 
61045488 243 
30522501 729 
30521772 729 
61041600 243 
30520314 729 
30518856 729 
15258699 2187 
15256512 2187 
7623882 6561 
30513024 729 
61026048 243 
60963840 243 
30481677 729 
30480948 729 
15239016 2187 
7617321 6561 
30478032 729 
30466368 729 
15232455 2187 
15230268 2187 
7610760 6561 
3798819 19683 
15221520 2187 
30419712 729 
15208398 2187 
15204024 2187 
7597638 6561 
15186528 2187 
7591077 6561 
7584516 6561 
3779136 19683 
7558272 6561 
15116544 2187 
60715008 243 
30357018 729 
15177780 2187 
30355560 729 
30349728 729 
15173406 2187 
7584516 6561 
15169032 2187 
30326400 729 
15162471 2187 
15160284 2187 
7577955 6561 
15151536 2187 
7571394 6561 
3779136 19683 
7558272 6561 
15116544 2187 
30233088 729 
29859840 729 
14928462 2187 
14924088 2187 
7459857 6561 
7453296 6561 
3720087 19683 
14906592 2187 
14836608 2187 
7413930 6561 
3700404 19683 
7400808 6561 
7348320 6561 
3661038 19683 
3621672 19683 
1771470 59049 
14556672 2187 
7276149 6561 
7269588 6561 
3621672 19683 
7243344 6561 
7138368 6561 
3562623 19683 
3542940 19683 
3464208 19683 
1712421 59049 
1653372 59049 
708588 177147 
6718464 6561 
3346110 19683 
1653372 59049 
3306744 19683 
3149280 19683 
1535274 59049 
708588 177147 
1417176 59049 
2519424 19683 
1240029 59049 
1180980 59049 
531441 177147 
944784 59049 
354294 177147 
244187136 27 
240648192 27 
120324042 81 
60161940 243 
120323880 81 
120323232 81 
60161454 243 
60160968 243 
30079998 729 
120320640 81 
60160239 243 
60159996 243 
60159024 243 
30079269 729 
30078540 729 
15037812 2187 
60155136 243 
30077082 729 
15037812 2187 
30075624 729 
30069792 729 
15033438 2187 
15029064 2187 
7512345 6561 
7505784 6561 
3739770 19683 
120310272 81 
120268800 81 
60134238 243 
30066876 729 
60133752 243 
60131808 243 
30065418 729 
30063960 729 
15031251 2187 
15029064 2187 
7512345 6561 
60124032 243 
30061773 729 
30061044 729 
15029064 2187 
7512345 6561 
30058128 729 
30046464 729 
15022503 2187 
15020316 2187 
7505784 6561 
15011568 2187 
60092928 243 
120102912 81 
60051375 243 
60051132 243 
30025323 729 
60050160 243 
30024594 729 
15011568 2187 
30023136 729 
60046272 243 
60030720 243 
30015117 729 
30014388 729 
30011472 729 
15005007 2187 
15002820 2187 
7499223 6561 
29999808 729 
14998446 2187 
14994072 2187 
7492662 6561 
3739770 19683 
14976576 2187 
7486101 6561 
7479540 6561 
7453296 6561 
3720087 19683 
3700404 19683 
1830519 59049 
59968512 243 
29983770 729 
29982312 729 
14989698 2187 
7492662 6561 
29976480 729 
14987511 2187 
14985324 2187 
14976576 2187 
7486101 6561 
7479540 6561 
29953152 729 
29859840 729 
14928462 2187 
14924088 2187 
7459857 6561 
7453296 6561 
3720087 19683 
14906592 2187 
14836608 2187 
7413930 6561 
3700404 19683 
7400808 6561 
7348320 6561 
3661038 19683 
3621672 19683 
1771470 59049 
59719680 243 
119439360 81 
116785152 81 
58392414 243 
58391928 243 
29195721 729 
29194992 729 
14596038 2187 
7295832 6561 
58389984 243 
58382208 243 
29190618 729 
29189160 729 
14593851 2187 
14591664 2187 
29183328 729 
58351104 243 
29175309 729 
29174580 729 
29171664 729 
14585103 2187 
14582916 2187 
7289271 6561 
29160000 729 
14578542 2187 
14574168 2187 
7282710 6561 
14556672 2187 
7276149 6561 
7269588 6561 
3621672 19683 
7243344 6561 
29113344 729 
58226688 243 
57729024 243 
28864026 729 
28862568 729 
14429826 2187 
28856736 729 
14427639 2187 
14425452 2187 
7210539 6561 
14416704 2187 
7203978 6561 
7190856 6561 
3582306 19683 
1771470 59049 
28833408 729 
28740096 729 
14368590 2187 
14364216 2187 
7177734 6561 
3582306 19683 
14346720 2187 
7171173 6561 
7164612 6561 
7138368 6561 
3562623 19683 
3542940 19683 
14276736 2187 
28366848 729 
14182695 2187 
14180508 2187 
7085880 6561 
14171760 2187 
14136768 2187 
7066197 6561 
7059636 6561 
3523257 19683 
7033392 6561 
3503574 19683 
3464208 19683 
1712421 59049 
1653372 59049 
708588 177147 
13996800 2187 
6994026 6561 
6980904 6561 
3483891 19683 
3464208 19683 
1712421 59049 
6928416 6561 
6718464 6561 
3346110 19683 
1653372 59049 
3306744 19683 
3149280 19683 
1535274 59049 
708588 177147 
1417176 59049 
13436928 2187 
55738368 243 
27868941 729 
27868212 729 
13933377 2187 
27865296 729 
13931190 2187 
13926816 2187 
6961221 6561 
6954660 6561 
3464208 19683 
1712421 59049 
27853632 729 
27806976 729 
13902759 2187 
13900572 2187 
6948099 6561 
13891824 2187 
6941538 6561 
3464208 19683 
6928416 6561 
13856832 2187 
27620352 729 
13808718 2187 
6902172 6561 
13804344 2187 
13786848 2187 
6889050 6561 
6875928 6561 
3424842 19683 
13716864 2187 
6856245 6561 
6849684 6561 
6823440 6561 
3405159 19683 
3385476 19683 
1653372 59049 
6718464 6561 
3346110 19683 
1653372 59049 
3306744 19683 
3149280 19683 
1535274 59049 
708588 177147 
1417176 59049 
13436928 2187 
26873856 729 
23887872 729 
11943207 2187 
11941020 2187 
11932272 2187 
5963949 6561 
5957388 6561 
2972133 19683 
11897280 2187 
5944266 6561 
5931144 6561 
2952450 19683 
5878656 6561 
2932767 19683 
2913084 19683 
1417176 59049 
2834352 19683 
11757312 2187 
11197440 2187 
5596533 6561 
5589972 6561 
5563728 6561 
2775303 19683 
2755620 19683 
1358127 59049 
5458752 6561 
2716254 19683 
2676888 19683 
1299078 59049 
2519424 19683 
1240029 59049 
1180980 59049 
531441 177147 
944784 59049 
354294 177147 
5038848 6561 
8957952 2187 
4474602 6561 
4461480 6561 
2224179 19683 
2204496 19683 
1062882 59049 
4408992 6561 
4199040 6561 
2086398 19683 
2047032 19683 
1003833 59049 
944784 59049 
354294 177147 
1889568 19683 
3359232 6561 
1673055 19683 
1653372 19683 
1574640 19683 
767637 59049 
708588 59049 
1259712 19683 
590490 59049 
472392 59049 
177147 177147 
226492416 27 
113246181 81 
113246100 81 
56622888 243 
113245776 81 
113244480 81 
56622159 243 
56621916 243 
28310715 729 
56620944 243 
28309986 729 
14154264 2187 
28308528 729 
113239296 81 
56619486 243 
56619000 243 
28309257 729 
28308528 729 
56617056 243 
56609280 243 
28304154 729 
28302696 729 
14149890 2187 
7072758 6561 
28296864 729 
14147703 2187 
14145516 2187 
14136768 2187 
7066197 6561 
7059636 6561 
3523257 19683 
113218560 81 
113135616 81 
56567727 243 
56567484 243 
56566512 243 
28283013 729 
28282284 729 
56562624 243 
28280826 729 
28279368 729 
14138955 2187 
14136768 2187 
7066197 6561 
28273536 729 
56547072 243 
56484864 243 
28242189 729 
28241460 729 
14119272 2187 
28238544 729 
28226880 729 
14112711 2187 
14110524 2187 
7053075 6561 
14101776 2187 
7046514 6561 
7033392 6561 
3503574 19683 
28180224 729 
14088654 2187 
14084280 2187 
7039953 6561 
7033392 6561 
3503574 19683 
14066784 2187 
13996800 2187 
6994026 6561 
6980904 6561 
3483891 19683 
3464208 19683 
1712421 59049 
6928416 6561 
112803840 81 
56401758 243 
28200636 729 
56401272 243 
56399328 243 
28199178 729 
28197720 729 
14097402 2187 
7046514 6561 
56391552 243 
28195533 729 
28194804 729 
28191888 729 
14095215 2187 
14093028 2187 
28180224 729 
14088654 2187 
14084280 2187 
7039953 6561 
7033392 6561 
3503574 19683 
14066784 2187 
56360448 243 
56236032 243 
28117530 729 
14058036 2187 
28116072 729 
28110240 729 
14053662 2187 
14049288 2187 
7020270 6561 
3503574 19683 
28086912 729 
14042727 2187 
14040540 2187 
14031792 2187 
7013709 6561 
7007148 6561 
13996800 2187 
6994026 6561 
6980904 6561 
3483891 19683 
3464208 19683 
1712421 59049 
6928416 6561 
27993600 729 
55738368 243 
27868941 729 
27868212 729 
13933377 2187 
27865296 729 
13931190 2187 
13926816 2187 
6961221 6561 
6954660 6561 
3464208 19683 
1712421 59049 
27853632 729 
27806976 729 
13902759 2187 
13900572 2187 
6948099 6561 
13891824 2187 
6941538 6561 
3464208 19683 
6928416 6561 
13856832 2187 
27620352 729 
13808718 2187 
6902172 6561 
13804344 2187 
13786848 2187 
6889050 6561 
6875928 6561 
3424842 19683 
13716864 2187 
6856245 6561 
6849684 6561 
6823440 6561 
3405159 19683 
3385476 19683 
1653372 59049 
6718464 6561 
3346110 19683 
1653372 59049 
3306744 19683 
3149280 19683 
1535274 59049 
708588 177147 
1417176 59049 
13436928 2187 
26873856 729 
111476736 81 
106168320 81 
53084079 243 
53083836 243 
26541432 729 
53082864 243 
53078976 243 
26539245 729 
26538516 729 
13268529 2187 
26535600 729 
13266342 2187 
13261968 2187 
6626610 6561 
3306744 19683 
53063424 243 
26531226 729 
26529768 729 
13264155 2187 
13261968 2187 
6626610 6561 
3306744 19683 
26523936 729 
26500608 729 
13248846 2187 
13244472 2187 
6620049 6561 
6613488 6561 
13226976 2187 
53001216 243 
52752384 243 
26375949 729 
26375220 729 
26372304 729 
13185423 2187 
13183236 2187 
6587244 6561 
3287061 19683 
26360640 729 
13178862 2187 
6587244 6561 
13174488 2187 
13156992 2187 
6574122 6561 
6561000 6561 
3267378 19683 
26313984 729 
26127360 729 
13062951 2187 
13060764 2187 
6528195 6561 
13052016 2187 
6521634 6561 
6508512 6561 
3247695 19683 
3228012 19683 
1594323 59049 
13017024 2187 
12877056 2187 
6436341 6561 
6429780 6561 
3208329 19683 
6403536 6561 
3188646 19683 
3149280 19683 
1535274 59049 
708588 177147 
6298560 6561 
51757056 243 
25878042 729 
12938292 2187 
25876584 729 
25870752 729 
12933918 2187 
12929544 2187 
6462585 6561 
6456024 6561 
25847424 729 
12922983 2187 
12920796 2187 
6456024 6561 
12912048 2187 
12877056 2187 
6436341 6561 
6429780 6561 
3208329 19683 
6403536 6561 
3188646 19683 
3149280 19683 
1535274 59049 
708588 177147 
25754112 729 
25380864 729 
12688974 2187 
12684600 2187 
6337926 6561 
12667104 2187 
6331365 6561 
6324804 6561 
3149280 19683 
6298560 6561 
12597120 2187 
12317184 2187 
6154218 6561 
3070548 19683 
6141096 6561 
6088608 6561 
3031182 19683 
2991816 19683 
1476225 59049 
1417176 59049 
5878656 6561 
2932767 19683 
2913084 19683 
1417176 59049 
2834352 19683 
2519424 19683 
1240029 59049 
1180980 59049 
531441 177147 
944784 59049 
354294 177147 
23887872 729 
11943207 2187 
11941020 2187 
11932272 2187 
5963949 6561 
5957388 6561 
2972133 19683 
11897280 2187 
5944266 6561 
5931144 6561 
2952450 19683 
5878656 6561 
2932767 19683 
2913084 19683 
1417176 59049 
2834352 19683 
11757312 2187 
11197440 2187 
5596533 6561 
5589972 6561 
5563728 6561 
2775303 19683 
2755620 19683 
1358127 59049 
5458752 6561 
2716254 19683 
2676888 19683 
1299078 59049 
2519424 19683 
1240029 59049 
1180980 59049 
531441 177147 
944784 59049 
354294 177147 
5038848 6561 
8957952 2187 
4474602 6561 
4461480 6561 
2224179 19683 
2204496 19683 
1062882 59049 
4408992 6561 
4199040 6561 
2086398 19683 
2047032 19683 
1003833 59049 
944784 59049 
354294 177147 
1889568 19683 
3359232 6561 
1673055 19683 
1653372 19683 
1574640 19683 
767637 59049 
708588 59049 
1259712 19683 
590490 59049 
472392 59049 
177147 177147 
47775744 243 
84934656 81 
42467166 243 
42466680 243 
21232854 729 
10615698 2187 
42464736 243 
21232125 729 
21231396 729 
21228480 729 
10613511 2187 
10611324 2187 
5301288 6561 
42456960 243 
42425856 243 
21212442 729 
21210984 729 
10604763 2187 
10602576 2187 
21205152 729 
21181824 729 
10589454 2187 
10585080 2187 
5288166 6561 
2637522 19683 
10567584 2187 
5281605 6561 
5275044 6561 
5248800 6561 
2617839 19683 
2598156 19683 
42301440 243 
21150477 729 
21149748 729 
10574145 2187 
21146832 729 
10571958 2187 
10567584 2187 
5281605 6561 
5275044 6561 
21135168 729 
21088512 729 
10543527 2187 
10541340 2187 
5268483 6561 
10532592 2187 
5261922 6561 
5248800 6561 
2617839 19683 
2598156 19683 
10497600 2187 
20901888 729 
10449486 2187 
5222556 6561 
10445112 2187 
10427616 2187 
5209434 6561 
2598156 19683 
5196312 6561 
10357632 2187 
5176629 6561 
5170068 6561 
2578473 19683 
5143824 6561 
2558790 19683 
2519424 19683 
1240029 59049 
1180980 59049 
531441 177147 
5038848 6561 
10077696 2187 
41803776 243 
39813120 243 
19906074 729 
19904616 729 
9950850 2187 
4973238 6561 
19898784 729 
9948663 2187 
9946476 2187 
9937728 2187 
4966677 6561 
4960116 6561 
19875456 729 
19782144 729 
9889614 2187 
9885240 2187 
4940433 6561 
4933872 6561 
2460375 19683 
9867744 2187 
9797760 2187 
4894506 6561 
2440692 19683 
4881384 6561 
4828896 6561 
2401326 19683 
1180980 59049 
2361960 19683 
19408896 729 
9703719 2187 
9701532 2187 
4848579 6561 
9692784 2187 
4842018 6561 
4828896 6561 
2401326 19683 
1180980 59049 
9657792 2187 
9517824 2187 
4756725 6561 
4750164 6561 
2361960 19683 
4723920 6561 
4618944 6561 
2302911 19683 
2283228 19683 
1121931 59049 
2204496 19683 
1062882 59049 
944784 59049 
354294 177147 
8957952 2187 
4474602 6561 
4461480 6561 
2224179 19683 
2204496 19683 
1062882 59049 
4408992 6561 
4199040 6561 
2086398 19683 
2047032 19683 
1003833 59049 
944784 59049 
354294 177147 
1889568 19683 
3359232 6561 
1673055 19683 
1653372 19683 
1574640 19683 
767637 59049 
708588 59049 
1259712 19683 
590490 59049 
472392 59049 
177147 177147 
17915904 729 
31850496 243 
15925005 729 
15924276 729 
7960680 2187 
15921360 729 
15909696 729 
7954119 2187 
7951932 2187 
7943184 2187 
3969405 6561 
3962844 6561 
1968300 19683 
15863040 729 
7930062 2187 
3962844 6561 
7925688 2187 
7908192 2187 
3949722 6561 
1968300 19683 
3936600 6561 
7838208 2187 
3916917 6561 
3910356 6561 
1948617 19683 
3884112 6561 
1928934 19683 
944784 59049 
1889568 19683 
3779136 6561 
15676416 729 
14929920 729 
7464231 2187 
7462044 2187 
3726648 6561 
7453296 2187 
7418304 2187 
3706965 6561 
3700404 6561 
3674160 6561 
1830519 19683 
1810836 19683 
885735 59049 
7278336 2187 
3634794 6561 
1810836 19683 
3621672 6561 
3569184 6561 
1771470 19683 
1732104 19683 
826686 59049 
354294 177147 
3359232 6561 
1673055 19683 
1653372 19683 
1574640 19683 
767637 59049 
708588 59049 
1259712 19683 
590490 59049 
472392 59049 
177147 177147 
6718464 2187 
11943936 729 
5970510 2187 
5966136 2187 
2978694 6561 
5948640 2187 
2972133 6561 
2965572 6561 
1476225 19683 
2939328 6561 
1456542 19683 
708588 59049 
1417176 19683 
5878656 2187 
5598720 2187 
2794986 6561 
2781864 6561 
1377810 19683 
2729376 6561 
1358127 19683 
1338444 19683 
649539 59049 
1259712 19683 
590490 59049 
472392 59049 
177147 177147 
2519424 6561 
4478976 2187 
2237301 6561 
2230740 6561 
1102248 19683 
531441 59049 
2204496 6561 
2099520 6561 
1043199 19683 
1023516 19683 
472392 59049 
177147 177147 
944784 19683 
1679616 6561 
826686 19683 
787320 19683 
354294 59049 
629856 19683 
295245 59049 
236196 59049 
452984832 9 
805306368 3 
402653178 9 
201326580 27 
402653160 9 
402653088 9 
201326526 27 
100663236 81 
201326472 27 
402652800 9 
201326391 27 
201326364 27 
100663155 81 
201326256 27 
100663074 81 
100662912 81 
50331375 243 
50331132 243 
25165080 729 
12581811 2187 
201325824 27 
402651648 9 
402647040 9 
201323502 27 
201323448 27 
100661697 81 
100661616 81 
50330646 243 
25165080 729 
201323232 27 
201322368 27 
100661130 81 
100660968 81 
50330403 243 
50330160 243 
100660320 81 
201318912 27 
100659429 81 
100659348 81 
100659024 81 
50329431 243 
50329188 243 
25164351 729 
100657728 81 
50328702 243 
50328216 243 
25163622 729 
50326272 243 
25162893 729 
25162164 729 
12579624 2187 
25159248 729 
100652544 81 
402628608 9 
201314295 27 
201314268 27 
100657080 81 
50328459 243 
201314160 27 
201313728 27 
100656837 81 
100656756 81 
50328216 243 
100656432 81 
201312000 27 
100655946 81 
100655784 81 
50327730 243 
25163622 729 
100655136 81 
50327487 243 
50327244 243 
50326272 243 
25162893 729 
25162164 729 
12579624 2187 
100652544 81 
201305088 27 
201277440 27 
100638693 81 
100638612 81 
50319225 243 
100638288 81 
50318982 243 
25159248 729 
50318496 243 
100636992 81 
100631808 81 
50315823 243 
50315580 243 
50314608 243 
25157061 729 
25156332 729 
12577437 2187 
50310720 243 
25154874 729 
25153416 729 
12575250 2187 
6285438 6561 
25147584 729 
12573063 2187 
12570876 2187 
12562128 2187 
6278877 6561 
6272316 6561 
3129597 19683 
100611072 81 
50305374 243 
50304888 243 
25151958 729 
12575250 2187 
50302944 243 
25151229 729 
25150500 729 
25147584 729 
12573063 2187 
12570876 2187 
50295168 243 
50264064 243 
25131546 729 
25130088 729 
12564315 2187 
12562128 2187 
6278877 6561 
25124256 729 
25100928 729 
12549006 2187 
6272316 6561 
12544632 2187 
12527136 2187 
6259194 6561 
6246072 6561 
3109914 19683 
1535274 59049 
402554880 9 
402259968 9 
201129966 27 
201129912 27 
100564902 81 
201129696 27 
100564821 81 
100564740 81 
50282289 243 
100564416 81 
50282046 243 
50281560 243 
25140294 729 
201128832 27 
201125376 27 
100562634 81 
100562472 81 
50281074 243 
25140294 729 
100561824 81 
50280831 243 
50280588 243 
50279616 243 
25139565 729 
25138836 729 
12568689 2187 
100559232 81 
201111552 27 
100555749 81 
100555668 81 
50277672 243 
100555344 81 
100554048 81 
50276943 243 
50276700 243 
25138107 729 
50275728 243 
25137378 729 
25135920 729 
12566502 2187 
100548864 81 
50274270 243 
50273784 243 
25136649 729 
25135920 729 
12566502 2187 
50271840 243 
50264064 243 
25131546 729 
25130088 729 
12564315 2187 
12562128 2187 
6278877 6561 
25124256 729 
100528128 81 
201056256 27 
200835072 27 
100417482 81 
50208660 243 
100417320 81 
100416672 81 
50208174 243 
25103844 729 
50207688 243 
100414080 81 
50206959 243 
50206716 243 
25103115 729 
50205744 243 
25102386 729 
25100928 729 
12549006 2187 
6272316 6561 
50201856 243 
100403712 81 
100362240 81 
50180958 243 
50180472 243 
25089993 729 
25089264 729 
50178528 243 
50170752 243 
25084890 729 
25083432 729 
12540258 2187 
25077600 729 
12538071 2187 
12535884 2187 
6265755 6561 
12527136 2187 
6259194 6561 
6246072 6561 
3109914 19683 
1535274 59049 
50139648 243 
25069581 729 
25068852 729 
12533697 2187 
25065936 729 
12531510 2187 
12527136 2187 
6259194 6561 
25054272 729 
25007616 729 
12503079 2187 
12500892 2187 
6246072 6561 
12492144 2187 
12457152 2187 
6226389 6561 
6219828 6561 
6193584 6561 
3090231 19683 
3070548 19683 
100196352 81 
50098095 243 
50097852 243 
25048440 729 
50096880 243 
50092992 243 
25046253 729 
25045524 729 
25042608 729 
12520575 2187 
12518388 2187 
50077440 243 
25038234 729 
12518388 2187 
25036776 729 
25030944 729 
12514014 2187 
12509640 2187 
6252633 6561 
6246072 6561 
3109914 19683 
1535274 59049 
25007616 729 
12503079 2187 
12500892 2187 
6246072 6561 
12492144 2187 
12457152 2187 
6226389 6561 
6219828 6561 
6193584 6561 
3090231 19683 
3070548 19683 
50015232 243 
49766400 243 
24882957 729 
24882228 729 
12439656 2187 
24879312 729 
24867648 729 
12433095 2187 
12430908 2187 
6213267 6561 
12422160 2187 
6206706 6561 
6193584 6561 
3090231 19683 
3070548 19683 
24820992 729 
12409038 2187 
12404664 2187 
6200145 6561 
6193584 6561 
3090231 19683 
12387168 2187 
12317184 2187 
6154218 6561 
3070548 19683 
6141096 6561 
6088608 6561 
3031182 19683 
2991816 19683 
1476225 59049 
1417176 59049 
24634368 729 
401080320 9 
200540151 27 
200540124 27 
200540016 27 
100269981 81 
100269900 81 
50134788 243 
200539584 27 
100269738 81 
50134788 243 
100269576 81 
100268928 81 
50134302 243 
50133816 243 
25066665 729 
25065936 729 
12531510 2187 
200537856 27 
200530944 27 
100265445 81 
100265364 81 
50132601 243 
100265040 81 
50132358 243 
25065936 729 
50131872 243 
100263744 81 
100258560 81 
50129199 243 
50128956 243 
50127984 243 
25063749 729 
25063020 729 
50124096 243 
25061562 729 
25060104 729 
12529323 2187 
12527136 2187 
6259194 6561 
25054272 729 
200503296 27 
100251594 81 
100251432 81 
50125554 243 
100250784 81 
50125311 243 
50125068 243 
25062291 729 
50124096 243 
25061562 729 
25060104 729 
12529323 2187 
12527136 2187 
6259194 6561 
100248192 81 
100237824 81 
50118750 243 
50118264 243 
25058646 729 
50116320 243 
25057917 729 
25057188 729 
12527136 2187 
25054272 729 
50108544 243 
100196352 81 
50098095 243 
50097852 243 
25048440 729 
50096880 243 
50092992 243 
25046253 729 
25045524 729 
25042608 729 
12520575 2187 
12518388 2187 
50077440 243 
25038234 729 
12518388 2187 
25036776 729 
25030944 729 
12514014 2187 
12509640 2187 
6252633 6561 
6246072 6561 
3109914 19683 
1535274 59049 
25007616 729 
12503079 2187 
12500892 2187 
6246072 6561 
12492144 2187 
12457152 2187 
6226389 6561 
6219828 6561 
6193584 6561 
3090231 19683 
3070548 19683 
50015232 243 
200392704 27 
199950336 27 
99975141 81 
99975060 81 
99974736 81 
49987287 243 
49987044 243 
24993036 729 
99973440 81 
49986558 243 
24993036 729 
49986072 243 
49984128 243 
24991578 729 
24990120 729 
12494331 2187 
12492144 2187 
99968256 81 
99947520 81 
49973679 243 
49973436 243 
24986475 729 
49972464 243 
24985746 729 
12492144 2187 
24984288 729 
49968576 243 
49953024 243 
24976269 729 
24975540 729 
24972624 729 
12485583 2187 
12483396 2187 
6239511 6561 
24960960 729 
12479022 2187 
12474648 2187 
6232950 6561 
3109914 19683 
12457152 2187 
6226389 6561 
6219828 6561 
6193584 6561 
3090231 19683 
3070548 19683 
99864576 81 
49932126 243 
49931640 243 
24965334 729 
49929696 243 
24964605 729 
24963876 729 
12481209 2187 
24960960 729 
12479022 2187 
12474648 2187 
6232950 6561 
3109914 19683 
49921920 243 
49890816 243 
24944922 729 
24943464 729 
12470274 2187 
6232950 6561 
24937632 729 
12468087 2187 
12465900 2187 
12457152 2187 
6226389 6561 
6219828 6561 
24914304 729 
49766400 243 
24882957 729 
24882228 729 
12439656 2187 
24879312 729 
24867648 729 
12433095 2187 
12430908 2187 
6213267 6561 
12422160 2187 
6206706 6561 
6193584 6561 
3090231 19683 
3070548 19683 
24820992 729 
12409038 2187 
12404664 2187 
6200145 6561 
6193584 6561 
3090231 19683 
12387168 2187 
12317184 2187 
6154218 6561 
3070548 19683 
6141096 6561 
6088608 6561 
3031182 19683 
2991816 19683 
1476225 59049 
1417176 59049 
24634368 729 
99532800 81 
198180864 27 
99090378 81 
99090216 81 
49545027 243 
49544784 243 
24772149 729 
99089568 81 
99086976 81 
49543326 243 
24771420 729 
49542840 243 
49540896 243 
24769962 729 
24768504 729 
12382794 2187 
99076608 81 
49538223 243 
49537980 243 
24768504 729 
49537008 243 
49533120 243 
24766317 729 
24765588 729 
24762672 729 
12380607 2187 
12378420 2187 
6187023 6561 
49517568 243 
24758298 729 
12378420 2187 
24756840 729 
24751008 729 
12374046 2187 
12369672 2187 
6180462 6561 
24727680 729 
12363111 2187 
12360924 2187 
12352176 2187 
6173901 6561 
6167340 6561 
3070548 19683 
12317184 2187 
6154218 6561 
3070548 19683 
6141096 6561 
6088608 6561 
3031182 19683 
2991816 19683 
1476225 59049 
1417176 59049 
99035136 81 
98869248 81 
49434462 243 
49433976 243 
24716745 729 
24716016 729 
12356550 2187 
49432032 243 
49424256 243 
24711642 729 
24710184 729 
12354363 2187 
12352176 2187 
6173901 6561 
24704352 729 
49393152 243 
24696333 729 
24695604 729 
24692688 729 
12345615 2187 
12343428 2187 
6167340 6561 
24681024 729 
12339054 2187 
6167340 6561 
12334680 2187 
12317184 2187 
6154218 6561 
3070548 19683 
6141096 6561 
24634368 729 
49268736 243 
98205696 81 
49102767 243 
49102524 243 
49101552 243 
24550533 729 
24549804 729 
12273444 2187 
6134535 6561 
49097664 243 
24548346 729 
12273444 2187 
24546888 729 
24541056 729 
12269070 2187 
12264696 2187 
6127974 6561 
49082112 243 
49019904 243 
24509709 729 
24508980 729 
12253761 2187 
24506064 729 
12251574 2187 
12247200 2187 
6121413 6561 
6114852 6561 
3050865 19683 
24494400 729 
24447744 729 
12223143 2187 
12220956 2187 
6108291 6561 
12212208 2187 
6101730 6561 
6088608 6561 
3031182 19683 
12177216 2187 
48771072 243 
24385050 729 
24383592 729 
12190338 2187 
24377760 729 
12188151 2187 
12185964 2187 
6088608 6561 
12177216 2187 
24354432 729 
24261120 729 
12129102 2187 
6062364 6561 
12124728 2187 
12107232 2187 
6049242 6561 
6036120 6561 
3011499 19683 
2991816 19683 
1476225 59049 
12037248 2187 
6016437 6561 
6009876 6561 
2991816 19683 
1476225 59049 
5983632 6561 
5878656 6561 
2932767 19683 
2913084 19683 
1417176 59049 
2834352 19683 
23887872 729 
11943207 2187 
11941020 2187 
11932272 2187 
5963949 6561 
5957388 6561 
2972133 19683 
11897280 2187 
5944266 6561 
5931144 6561 
2952450 19683 
5878656 6561 
2932767 19683 
2913084 19683 
1417176 59049 
2834352 19683 
11757312 2187 
11197440 2187 
5596533 6561 
5589972 6561 
5563728 6561 
2775303 19683 
2755620 19683 
1358127 59049 
5458752 6561 
2716254 19683 
2676888 19683 
1299078 59049 
2519424 19683 
1240029 59049 
1180980 59049 
531441 177147 
944784 59049 
354294 177147 
5038848 6561 
47775744 243 
95551488 81 
396361728 9 
377487360 9 
188743662 27 
94371804 81 
188743608 27 
188743392 27 
94371642 81 
47185740 243 
94371480 81 
188742528 27 
94371237 81 
94371156 81 
47185497 243 
94370832 81 
47185254 243 
47184768 243 
23591898 729 
94369536 81 
188739072 27 
188725248 27 
94362570 81 
94362408 81 
47181123 243 
47180880 243 
94361760 81 
94359168 81 
47179422 243 
47178936 243 
23588982 729 
47176992 243 
23588253 729 
23587524 729 
11792304 2187 
23584608 729 
94348800 81 
47174319 243 
47174076 243 
23586795 729 
47173104 243 
23586066 729 
11792304 2187 
23584608 729 
47169216 243 
47153664 243 
23576589 729 
23575860 729 
23572944 729 
11785743 2187 
11783556 2187 
23561280 729 
11779182 2187 
11774808 2187 
5885217 6561 
5878656 6561 
2932767 19683 
11757312 2187 
188669952 27 
94334949 81 
94334868 81 
47167272 243 
94334544 81 
94333248 81 
47166543 243 
47166300 243 
47165328 243 
23582421 729 
23581692 729 
11790117 2187 
94328064 81 
47163870 243 
23581692 729 
47163384 243 
47161440 243 
23580234 729 
23578776 729 
11787930 2187 
5891778 6561 
47153664 243 
23576589 729 
23575860 729 
23572944 729 
11785743 2187 
11783556 2187 
23561280 729 
11779182 2187 
11774808 2187 
5885217 6561 
5878656 6561 
2932767 19683 
11757312 2187 
94307328 81 
94224384 81 
47112111 243 
47111868 243 
23555448 729 
11776995 2187 
47110896 243 
47107008 243 
23553261 729 
23552532 729 
11774808 2187 
5885217 6561 
23549616 729 
47091456 243 
23545242 729 
23543784 729 
11770434 2187 
23537952 729 
11768247 2187 
11766060 2187 
5878656 6561 
2932767 19683 
11757312 2187 
23514624 729 
47029248 243 
188448768 27 
187564032 27 
93781962 81 
93781800 81 
46890738 243 
93781152 81 
46890495 243 
46890252 243 
23444640 729 
46889280 243 
93778560 81 
93768192 81 
46883934 243 
23441724 729 
46883448 243 
46881504 243 
23440266 729 
23438808 729 
11717946 2187 
46873728 243 
23436621 729 
23435892 729 
23432976 729 
11715759 2187 
11713572 2187 
5852412 6561 
23421312 729 
11709198 2187 
5852412 6561 
11704824 2187 
11687328 2187 
5839290 6561 
2913084 19683 
5826168 6561 
93726720 81 
46863279 243 
46863036 243 
46862064 243 
23430789 729 
23430060 729 
11713572 2187 
46858176 243 
23428602 729 
11713572 2187 
23427144 729 
23421312 729 
11709198 2187 
5852412 6561 
11704824 2187 
46842624 243 
46780416 243 
23389965 729 
23389236 729 
11693889 2187 
23386320 729 
11691702 2187 
11687328 2187 
5839290 6561 
2913084 19683 
23374656 729 
23328000 729 
11663271 2187 
11661084 2187 
5826168 6561 
11652336 2187 
11617344 2187 
5806485 6561 
5799924 6561 
2893401 19683 
5773680 6561 
2873718 19683 
1417176 59049 
2834352 19683 
93560832 81 
92897280 81 
46448478 243 
46447992 243 
23223753 729 
23223024 729 
11610783 2187 
46446048 243 
46438272 243 
23218650 729 
11608596 2187 
23217192 729 
23211360 729 
11604222 2187 
5799924 6561 
11599848 2187 
46407168 243 
23203341 729 
23202612 729 
11599848 2187 
23199696 729 
23188032 729 
11593287 2187 
11591100 2187 
5793363 6561 
11582352 2187 
5786802 6561 
5773680 6561 
2873718 19683 
1417176 59049 
23141376 729 
11569230 2187 
11564856 2187 
5780241 6561 
5773680 6561 
2873718 19683 
1417176 59049 
11547360 2187 
11477376 2187 
5734314 6561 
5721192 6561 
2854035 19683 
2834352 19683 
5668704 6561 
46282752 243 
45785088 243 
22892058 729 
22890600 729 
11444571 2187 
11442384 2187 
22884768 729 
22861440 729 
11429262 2187 
11424888 2187 
5708070 6561 
11407392 2187 
5701509 6561 
5694948 6561 
2834352 19683 
5668704 6561 
22768128 729 
11383335 2187 
11381148 2187 
5688387 6561 
11372400 2187 
5681826 6561 
2834352 19683 
5668704 6561 
11337408 2187 
11197440 2187 
5596533 6561 
5589972 6561 
5563728 6561 
2775303 19683 
2755620 19683 
1358127 59049 
5458752 6561 
2716254 19683 
2676888 19683 
1299078 59049 
2519424 19683 
1240029 59049 
1180980 59049 
531441 177147 
944784 59049 
354294 177147 
22394880 729 
184025088 27 
92012517 81 
92012436 81 
92012112 81 
46005975 243 
46005732 243 
92010816 81 
46005246 243 
46004760 243 
23002137 729 
23001408 729 
11499246 2187 
5747436 6561 
46002816 243 
92005632 81 
91984896 81 
45992367 243 
45992124 243 
22995576 729 
11497059 2187 
45991152 243 
45987264 243 
22993389 729 
22992660 729 
11494872 2187 
22989744 729 
45971712 243 
22985370 729 
22983912 729 
11490498 2187 
22978080 729 
11488311 2187 
11486124 2187 
5740875 6561 
11477376 2187 
5734314 6561 
5721192 6561 
2854035 19683 
2834352 19683 
22954752 729 
91901952 81 
45950814 243 
22975164 729 
45950328 243 
45948384 243 
22973706 729 
11486124 2187 
22972248 729 
45940608 243 
22970061 729 
22969332 729 
11483937 2187 
22966416 729 
11481750 2187 
11477376 2187 
5734314 6561 
22954752 729 
45909504 243 
45785088 243 
22892058 729 
22890600 729 
11444571 2187 
11442384 2187 
22884768 729 
22861440 729 
11429262 2187 
11424888 2187 
5708070 6561 
11407392 2187 
5701509 6561 
5694948 6561 
2834352 19683 
5668704 6561 
22768128 729 
11383335 2187 
11381148 2187 
5688387 6561 
11372400 2187 
5681826 6561 
2834352 19683 
5668704 6561 
11337408 2187 
11197440 2187 
5596533 6561 
5589972 6561 
5563728 6561 
2775303 19683 
2755620 19683 
1358127 59049 
5458752 6561 
2716254 19683 
2676888 19683 
1299078 59049 
2519424 19683 
1240029 59049 
1180980 59049 
531441 177147 
944784 59049 
354294 177147 
91570176 81 
90243072 81 
45121455 243 
45121212 243 
22560363 729 
45120240 243 
22559634 729 
22558176 729 
11278359 2187 
11276172 2187 
5635899 6561 
45116352 243 
45100800 243 
22550157 729 
22549428 729 
11273985 2187 
22546512 729 
11271798 2187 
11267424 2187 
5629338 6561 
22534848 729 
45038592 243 
22518810 729 
11258676 2187 
22517352 729 
22511520 729 
11254302 2187 
11249928 2187 
5622777 6561 
5616216 6561 
2794986 19683 
22488192 729 
11243367 2187 
11241180 2187 
5616216 6561 
11232432 2187 
11197440 2187 
5596533 6561 
5589972 6561 
5563728 6561 
2775303 19683 
2755620 19683 
1358127 59049 
22394880 729 
44789760 243 
43794432 243 
21896973 729 
21896244 729 
21893328 729 
10945935 2187 
10943748 2187 
21881664 729 
10939374 2187 
10935000 2187 
5465313 6561 
5458752 6561 
2716254 19683 
10917504 2187 
21835008 729 
21648384 729 
10823463 2187 
10821276 2187 
5406264 6561 
2696571 19683 
10812528 2187 
10777536 2187 
5386581 6561 
5380020 6561 
2676888 19683 
5353776 6561 
10637568 2187 
5314410 6561 
5301288 6561 
2637522 19683 
1299078 59049 
5248800 6561 
2617839 19683 
2598156 19683 
2519424 19683 
1240029 59049 
1180980 59049 
531441 177147 
5038848 6561 
20901888 729 
10449486 2187 
5222556 6561 
10445112 2187 
10427616 2187 
5209434 6561 
2598156 19683 
5196312 6561 
10357632 2187 
5176629 6561 
5170068 6561 
2578473 19683 
5143824 6561 
2558790 19683 
2519424 19683 
1240029 59049 
1180980 59049 
531441 177147 
5038848 6561 
10077696 2187 
8957952 2187 
4474602 6561 
4461480 6561 
2224179 19683 
2204496 19683 
1062882 59049 
4408992 6561 
4199040 6561 
2086398 19683 
2047032 19683 
1003833 59049 
944784 59049 
354294 177147 
1889568 19683 
3359232 6561 
1673055 19683 
1653372 19683 
1574640 19683 
767637 59049 
708588 59049 
1259712 19683 
590490 59049 
472392 59049 
177147 177147 
84934656 81 
42467166 243 
42466680 243 
21232854 729 
10615698 2187 
42464736 243 
21232125 729 
21231396 729 
21228480 729 
10613511 2187 
10611324 2187 
5301288 6561 
42456960 243 
42425856 243 
21212442 729 
21210984 729 
10604763 2187 
10602576 2187 
21205152 729 
21181824 729 
10589454 2187 
10585080 2187 
5288166 6561 
2637522 19683 
10567584 2187 
5281605 6561 
5275044 6561 
5248800 6561 
2617839 19683 
2598156 19683 
42301440 243 
21150477 729 
21149748 729 
10574145 2187 
21146832 729 
10571958 2187 
10567584 2187 
5281605 6561 
5275044 6561 
21135168 729 
21088512 729 
10543527 2187 
10541340 2187 
5268483 6561 
10532592 2187 
5261922 6561 
5248800 6561 
2617839 19683 
2598156 19683 
10497600 2187 
20901888 729 
10449486 2187 
5222556 6561 
10445112 2187 
10427616 2187 
5209434 6561 
2598156 19683 
5196312 6561 
10357632 2187 
5176629 6561 
5170068 6561 
2578473 19683 
5143824 6561 
2558790 19683 
2519424 19683 
1240029 59049 
1180980 59049 
531441 177147 
5038848 6561 
10077696 2187 
41803776 243 
39813120 243 
19906074 729 
19904616 729 
9950850 2187 
4973238 6561 
19898784 729 
9948663 2187 
9946476 2187 
9937728 2187 
4966677 6561 
4960116 6561 
19875456 729 
19782144 729 
9889614 2187 
9885240 2187 
4940433 6561 
4933872 6561 
2460375 19683 
9867744 2187 
9797760 2187 
4894506 6561 
2440692 19683 
4881384 6561 
4828896 6561 
2401326 19683 
1180980 59049 
2361960 19683 
19408896 729 
9703719 2187 
9701532 2187 
4848579 6561 
9692784 2187 
4842018 6561 
4828896 6561 
2401326 19683 
1180980 59049 
9657792 2187 
9517824 2187 
4756725 6561 
4750164 6561 
2361960 19683 
4723920 6561 
4618944 6561 
2302911 19683 
2283228 19683 
1121931 59049 
2204496 19683 
1062882 59049 
944784 59049 
354294 177147 
8957952 2187 
4474602 6561 
4461480 6561 
2224179 19683 
2204496 19683 
1062882 59049 
4408992 6561 
4199040 6561 
2086398 19683 
2047032 19683 
1003833 59049 
944784 59049 
354294 177147 
1889568 19683 
3359232 6561 
1673055 19683 
1653372 19683 
1574640 19683 
767637 59049 
708588 59049 
1259712 19683 
590490 59049 
472392 59049 
177147 177147 
17915904 729 
31850496 243 
15925005 729 
15924276 729 
7960680 2187 
15921360 729 
15909696 729 
7954119 2187 
7951932 2187 
7943184 2187 
3969405 6561 
3962844 6561 
1968300 19683 
15863040 729 
7930062 2187 
3962844 6561 
7925688 2187 
7908192 2187 
3949722 6561 
1968300 19683 
3936600 6561 
7838208 2187 
3916917 6561 
3910356 6561 
1948617 19683 
3884112 6561 
1928934 19683 
944784 59049 
1889568 19683 
3779136 6561 
15676416 729 
14929920 729 
7464231 2187 
7462044 2187 
3726648 6561 
7453296 2187 
7418304 2187 
3706965 6561 
3700404 6561 
3674160 6561 
1830519 19683 
1810836 19683 
885735 59049 
7278336 2187 
3634794 6561 
1810836 19683 
3621672 6561 
3569184 6561 
1771470 19683 
1732104 19683 
826686 59049 
354294 177147 
3359232 6561 
1673055 19683 
1653372 19683 
1574640 19683 
767637 59049 
708588 59049 
1259712 19683 
590490 59049 
472392 59049 
177147 177147 
6718464 2187 
11943936 729 
5970510 2187 
5966136 2187 
2978694 6561 
5948640 2187 
2972133 6561 
2965572 6561 
1476225 19683 
2939328 6561 
1456542 19683 
708588 59049 
1417176 19683 
5878656 2187 
5598720 2187 
2794986 6561 
2781864 6561 
1377810 19683 
2729376 6561 
1358127 19683 
1338444 19683 
649539 59049 
1259712 19683 
590490 59049 
472392 59049 
177147 177147 
2519424 6561 
4478976 2187 
2237301 6561 
2230740 6561 
1102248 19683 
531441 59049 
2204496 6561 
2099520 6561 
1043199 19683 
1023516 19683 
472392 59049 
177147 177147 
944784 19683 
1679616 6561 
826686 19683 
787320 19683 
354294 59049 
629856 19683 
295245 59049 
236196 59049 
169869312 27 
301989888 9 
150994935 27 
150994908 27 
75497427 81 
150994800 27 
75497346 81 
37748592 243 
75497184 81 
150994368 27 
150992640 27 
75496293 81 
75496212 81 
75495888 81 
37747863 243 
37747620 243 
75494592 81 
37747134 243 
37746648 243 
18873081 729 
18872352 729 
9434718 2187 
37744704 243 
150985728 27 
75492810 81 
75492648 81 
37746162 243 
75492000 81 
37745919 243 
37745676 243 
18872352 729 
37744704 243 
75489408 81 
75479040 81 
37739358 243 
18869436 729 
37738872 243 
37736928 243 
18867978 729 
18866520 729 
9432531 2187 
9430344 2187 
4710798 6561 
37729152 243 
18864333 729 
18863604 729 
9430344 2187 
18860688 729 
18849024 729 
9423783 2187 
9421596 2187 
9412848 2187 
4704237 6561 
4697676 6561 
2342277 19683 
150958080 27 
150847488 27 
75423717 81 
75423636 81 
37711656 243 
18855585 729 
75423312 81 
75422016 81 
37710927 243 
37710684 243 
18854856 729 
37709712 243 
75416832 81 
37708254 243 
37707768 243 
18853398 729 
9425970 2187 
37705824 243 
18852669 729 
18851940 729 
18849024 729 
9423783 2187 
9421596 2187 
37698048 243 
75396096 81 
75313152 81 
37656495 243 
37656252 243 
18827883 729 
37655280 243 
18827154 729 
9412848 2187 
18825696 729 
37651392 243 
37635840 243 
18817677 729 
18816948 729 
18814032 729 
9406287 2187 
9404100 2187 
4697676 6561 
2342277 19683 
18802368 729 
9399726 2187 
4697676 6561 
9395352 2187 
9377856 2187 
4684554 6561 
4671432 6561 
2322594 19683 
37573632 243 
18786330 729 
18784872 729 
9390978 2187 
18779040 729 
9388791 2187 
9386604 2187 
4691115 6561 
9377856 2187 
4684554 6561 
4671432 6561 
2322594 19683 
18755712 729 
18662400 729 
9329742 2187 
9325368 2187 
4658310 6561 
2322594 19683 
9307872 2187 
4651749 6561 
4645188 6561 
4618944 6561 
2302911 19683 
2283228 19683 
1121931 59049 
9237888 2187 
150405120 27 
75202506 81 
75202344 81 
37601091 243 
37600848 243 
18800181 729 
75201696 81 
75199104 81 
37599390 243 
18799452 729 
37598904 243 
37596960 243 
18797994 729 
18796536 729 
9397539 2187 
9395352 2187 
75188736 81 
37594287 243 
37594044 243 
18796536 729 
9397539 2187 
37593072 243 
37589184 243 
18794349 729 
18793620 729 
9395352 2187 
18790704 729 
37573632 243 
18786330 729 
18784872 729 
9390978 2187 
18779040 729 
9388791 2187 
9386604 2187 
4691115 6561 
9377856 2187 
4684554 6561 
4671432 6561 
2322594 19683 
18755712 729 
75147264 81 
74981376 81 
37490526 243 
37490040 243 
18744777 729 
18744048 729 
9371295 2187 
37488096 243 
37480320 243 
18739674 729 
9369108 2187 
18738216 729 
18732384 729 
9364734 2187 
9360360 2187 
4677993 6561 
4671432 6561 
2322594 19683 
37449216 243 
18724365 729 
18723636 729 
9360360 2187 
4677993 6561 
18720720 729 
18709056 729 
9353799 2187 
9351612 2187 
4671432 6561 
9342864 2187 
18662400 729 
9329742 2187 
9325368 2187 
4658310 6561 
2322594 19683 
9307872 2187 
4651749 6561 
4645188 6561 
4618944 6561 
2302911 19683 
2283228 19683 
1121931 59049 
9237888 2187 
37324800 243 
74317824 81 
37158831 243 
37158588 243 
37157616 243 
18578565 729 
18577836 729 
9288189 2187 
37153728 243 
18576378 729 
18574920 729 
9286002 2187 
18569088 729 
9283815 2187 
9281628 2187 
4638627 6561 
9272880 2187 
4632066 6561 
4618944 6561 
2302911 19683 
2283228 19683 
1121931 59049 
37138176 243 
37075968 243 
18537741 729 
18537012 729 
18534096 729 
9266319 2187 
9264132 2187 
18522432 729 
9259758 2187 
9255384 2187 
4625505 6561 
4618944 6561 
2302911 19683 
9237888 2187 
18475776 729 
36827136 243 
18413082 729 
18411624 729 
9205083 2187 
9202896 2187 
4599261 6561 
18405792 729 
18382464 729 
9189774 2187 
4592700 6561 
9185400 2187 
9167904 2187 
4579578 6561 
2283228 19683 
4566456 6561 
18289152 729 
9143847 2187 
9141660 2187 
4566456 6561 
9132912 2187 
9097920 2187 
4546773 6561 
4540212 6561 
2263545 19683 
4513968 6561 
2243862 19683 
2204496 19683 
1062882 59049 
8957952 2187 
4474602 6561 
4461480 6561 
2224179 19683 
2204496 19683 
1062882 59049 
4408992 6561 
4199040 6561 
2086398 19683 
2047032 19683 
1003833 59049 
944784 59049 
354294 177147 
1889568 19683 
17915904 729 
35831808 243 
148635648 27 
141557760 27 
70778853 81 
70778772 81 
35389305 243 
70778448 81 
35389062 243 
17694288 729 
35388576 243 
70777152 81 
70771968 81 
35385903 243 
35385660 243 
35384688 243 
17692101 729 
17691372 729 
8844228 2187 
35380800 243 
17689914 729 
8844228 2187 
17688456 729 
17682624 729 
8839854 2187 
8835480 2187 
4415553 6561 
4408992 6561 
70751232 81 
35375454 243 
35374968 243 
17686998 729 
35373024 243 
17686269 729 
17685540 729 
8842041 2187 
17682624 729 
8839854 2187 
8835480 2187 
4415553 6561 
4408992 6561 
35365248 243 
35334144 243 
17666586 729 
17665128 729 
8831106 2187 
17659296 729 
8828919 2187 
8826732 2187 
4408992 6561 
8817984 2187 
17635968 729 
70668288 81 
70336512 81 
35168175 243 
35167932 243 
17583480 729 
35166960 243 
35163072 243 
17581293 729 
17580564 729 
8789553 2187 
17577648 729 
8787366 2187 
8782992 2187 
4389309 6561 
4382748 6561 
2184813 19683 
35147520 243 
17573274 729 
17571816 729 
8785179 2187 
8782992 2187 
4389309 6561 
17565984 729 
17542656 729 
8769870 2187 
4382748 6561 
8765496 2187 
8748000 2187 
4369626 6561 
4356504 6561 
2165130 19683 
1062882 59049 
35085312 243 
34836480 243 
17417997 729 
17417268 729 
17414352 729 
8706447 2187 
8704260 2187 
4349943 6561 
17402688 729 
8699886 2187 
8695512 2187 
4343382 6561 
2165130 19683 
8678016 2187 
4336821 6561 
4330260 6561 
4304016 6561 
2145447 19683 
2125764 19683 
17356032 729 
17169408 729 
8583975 2187 
8581788 2187 
8573040 2187 
4284333 6561 
4277772 6561 
2125764 19683 
8538048 2187 
4264650 6561 
2125764 19683 
4251528 6561 
4199040 6561 
2086398 19683 
2047032 19683 
1003833 59049 
944784 59049 
354294 177147 
8398080 2187 
69009408 81 
34504542 243 
34504056 243 
17251785 729 
17251056 729 
34502112 243 
34494336 243 
17246682 729 
17245224 729 
8621154 2187 
17239392 729 
8618967 2187 
8616780 2187 
4304016 6561 
2145447 19683 
8608032 2187 
34463232 243 
17231373 729 
17230644 729 
8614593 2187 
17227728 729 
8612406 2187 
4304016 6561 
8608032 2187 
17216064 729 
17169408 729 
8583975 2187 
8581788 2187 
8573040 2187 
4284333 6561 
4277772 6561 
2125764 19683 
8538048 2187 
4264650 6561 
2125764 19683 
4251528 6561 
4199040 6561 
2086398 19683 
2047032 19683 
1003833 59049 
944784 59049 
354294 177147 
34338816 243 
33841152 243 
16920090 729 
8459316 2187 
16918632 729 
16912800 729 
8454942 2187 
4225284 6561 
8450568 2187 
16889472 729 
8444007 2187 
8441820 2187 
4218723 6561 
8433072 2187 
4212162 6561 
4199040 6561 
2086398 19683 
8398080 2187 
16796160 729 
16422912 729 
8209998 2187 
8205624 2187 
4100625 6561 
4094064 6561 
8188128 2187 
8118144 2187 
4054698 6561 
4041576 6561 
2007666 19683 
3989088 6561 
1987983 19683 
1968300 19683 
944784 59049 
1889568 19683 
7838208 2187 
3916917 6561 
3910356 6561 
1948617 19683 
3884112 6561 
1928934 19683 
944784 59049 
1889568 19683 
3779136 6561 
3359232 6561 
1673055 19683 
1653372 19683 
1574640 19683 
767637 59049 
708588 59049 
1259712 19683 
590490 59049 
472392 59049 
177147 177147 
31850496 243 
15925005 729 
15924276 729 
7960680 2187 
15921360 729 
15909696 729 
7954119 2187 
7951932 2187 
7943184 2187 
3969405 6561 
3962844 6561 
1968300 19683 
15863040 729 
7930062 2187 
3962844 6561 
7925688 2187 
7908192 2187 
3949722 6561 
1968300 19683 
3936600 6561 
7838208 2187 
3916917 6561 
3910356 6561 
1948617 19683 
3884112 6561 
1928934 19683 
944784 59049 
1889568 19683 
3779136 6561 
15676416 729 
14929920 729 
7464231 2187 
7462044 2187 
3726648 6561 
7453296 2187 
7418304 2187 
3706965 6561 
3700404 6561 
3674160 6561 
1830519 19683 
1810836 19683 
885735 59049 
7278336 2187 
3634794 6561 
1810836 19683 
3621672 6561 
3569184 6561 
1771470 19683 
1732104 19683 
826686 59049 
354294 177147 
3359232 6561 
1673055 19683 
1653372 19683 
1574640 19683 
767637 59049 
708588 59049 
1259712 19683 
590490 59049 
472392 59049 
177147 177147 
6718464 2187 
11943936 729 
5970510 2187 
5966136 2187 
2978694 6561 
5948640 2187 
2972133 6561 
2965572 6561 
1476225 19683 
2939328 6561 
1456542 19683 
708588 59049 
1417176 19683 
5878656 2187 
5598720 2187 
2794986 6561 
2781864 6561 
1377810 19683 
2729376 6561 
1358127 19683 
1338444 19683 
649539 59049 
1259712 19683 
590490 59049 
472392 59049 
177147 177147 
2519424 6561 
4478976 2187 
2237301 6561 
2230740 6561 
1102248 19683 
531441 59049 
2204496 6561 
2099520 6561 
1043199 19683 
1023516 19683 
472392 59049 
177147 177147 
944784 19683 
1679616 6561 
826686 19683 
787320 19683 
354294 59049 
629856 19683 
295245 59049 
236196 59049 
63700992 81 
113246208 27 
56623050 81 
28311444 243 
56622888 81 
56622240 81 
28310958 243 
28310472 243 
14154993 729 
14154264 729 
56619648 81 
28309743 243 
28309500 243 
14154264 729 
28308528 243 
28304640 243 
14152077 729 
14151348 729 
7074945 2187 
14148432 729 
7072758 2187 
7068384 2187 
3529818 6561 
56609280 81 
56567808 81 
28283742 243 
28283256 243 
14141142 729 
28281312 243 
14140413 729 
14139684 729 
7068384 2187 
14136768 729 
28273536 243 
28242432 243 
14120730 729 
7059636 2187 
14119272 729 
14113440 729 
7055262 2187 
7050888 2187 
3523257 6561 
3516696 6561 
1751787 19683 
14090112 729 
7044327 2187 
7042140 2187 
3516696 6561 
1751787 19683 
7033392 2187 
6998400 2187 
3497013 6561 
3490452 6561 
1732104 19683 
3464208 6561 
56401920 81 
28200879 243 
28200636 243 
28199664 243 
14099589 729 
14098860 729 
7048701 2187 
28195776 243 
14097402 729 
14095944 729 
7046514 2187 
14090112 729 
7044327 2187 
7042140 2187 
3516696 6561 
1751787 19683 
7033392 2187 
28180224 243 
28118016 243 
14058765 729 
14058036 729 
14055120 729 
7026831 2187 
7024644 2187 
3510135 6561 
14043456 729 
7020270 2187 
7015896 2187 
3503574 6561 
6998400 2187 
3497013 6561 
3490452 6561 
1732104 19683 
3464208 6561 
13996800 729 
27869184 243 
13934106 729 
13932648 729 
6965595 2187 
6963408 2187 
3477330 6561 
1732104 19683 
13926816 729 
13903488 729 
6950286 2187 
6945912 2187 
3470769 6561 
3464208 6561 
6928416 2187 
13810176 729 
6904359 2187 
6902172 2187 
6893424 2187 
3444525 6561 
3437964 6561 
1712421 19683 
6858432 2187 
3424842 6561 
3411720 6561 
1692738 19683 
826686 59049 
3359232 6561 
1673055 19683 
1653372 19683 
1574640 19683 
767637 59049 
708588 59049 
6718464 2187 
13436928 729 
55738368 81 
53084160 81 
26541918 243 
13270716 729 
26541432 243 
26539488 243 
13269258 729 
13267800 729 
6633171 2187 
6630984 2187 
3313305 6561 
26531712 243 
13265613 729 
13264884 729 
6630984 2187 
3313305 6561 
13261968 729 
13250304 729 
6624423 2187 
6622236 2187 
3306744 6561 
6613488 2187 
26500608 243 
26376192 243 
13187610 729 
13186152 729 
6591618 2187 
3293622 6561 
13180320 729 
6589431 2187 
6587244 2187 
6578496 2187 
3287061 6561 
3280500 6561 
1633689 19683 
13156992 729 
13063680 729 
6530382 2187 
6526008 2187 
3260817 6561 
3254256 6561 
1614006 19683 
6508512 2187 
6438528 2187 
3214890 6561 
3201768 6561 
1594323 19683 
1574640 19683 
767637 59049 
3149280 6561 
25878528 243 
12939021 729 
12938292 729 
12935376 729 
6466959 2187 
6464772 2187 
3228012 6561 
12923712 729 
6460398 2187 
3228012 6561 
6456024 2187 
6438528 2187 
3214890 6561 
3201768 6561 
1594323 19683 
1574640 19683 
767637 59049 
12877056 729 
12690432 729 
6344487 2187 
6342300 2187 
3168963 6561 
6333552 2187 
3162402 6561 
1574640 19683 
3149280 6561 
6298560 2187 
6158592 2187 
3077109 6561 
3070548 6561 
3044304 6561 
1515591 19683 
1495908 19683 
708588 59049 
2939328 6561 
1456542 19683 
708588 59049 
1417176 19683 
1259712 19683 
590490 59049 
472392 59049 
177147 177147 
11943936 729 
5970510 2187 
5966136 2187 
2978694 6561 
5948640 2187 
2972133 6561 
2965572 6561 
1476225 19683 
2939328 6561 
1456542 19683 
708588 59049 
1417176 19683 
5878656 2187 
5598720 2187 
2794986 6561 
2781864 6561 
1377810 19683 
2729376 6561 
1358127 19683 
1338444 19683 
649539 59049 
1259712 19683 
590490 59049 
472392 59049 
177147 177147 
2519424 6561 
4478976 2187 
2237301 6561 
2230740 6561 
1102248 19683 
531441 59049 
2204496 6561 
2099520 6561 
1043199 19683 
1023516 19683 
472392 59049 
177147 177147 
944784 19683 
1679616 6561 
826686 19683 
787320 19683 
354294 59049 
629856 19683 
295245 59049 
236196 59049 
23887872 243 
42467328 81 
21233583 243 
21233340 243 
10616427 729 
21232368 243 
10615698 729 
10614240 729 
5305662 2187 
2650644 6561 
21228480 243 
21212928 243 
10606221 729 
10605492 729 
5301288 2187 
10602576 729 
10590912 729 
5294727 2187 
5292540 2187 
2644083 6561 
5283792 2187 
2637522 6561 
2624400 6561 
1299078 19683 
21150720 243 
10574874 729 
10573416 729 
5285979 2187 
5283792 2187 
2637522 6561 
10567584 729 
10544256 729 
5270670 2187 
5266296 2187 
2630961 6561 
2624400 6561 
1299078 19683 
5248800 2187 
10450944 729 
5224743 2187 
5222556 2187 
5213808 2187 
2604717 6561 
2598156 6561 
5178816 2187 
2585034 6561 
2571912 6561 
1279395 19683 
1259712 19683 
590490 59049 
2519424 6561 
5038848 2187 
20901888 243 
19906560 243 
9953037 729 
9952308 729 
4975425 2187 
9949392 729 
4973238 2187 
4968864 2187 
2480058 6561 
9937728 729 
9891072 729 
4944807 2187 
4942620 2187 
2466936 6561 
4933872 2187 
4898880 2187 
2447253 6561 
2440692 6561 
2414448 6561 
1200663 19683 
1180980 19683 
9704448 729 
4850766 2187 
4846392 2187 
2421009 6561 
2414448 6561 
1200663 19683 
4828896 2187 
4758912 2187 
2375082 6561 
1180980 19683 
2361960 6561 
2309472 6561 
1141614 19683 
1102248 19683 
531441 59049 
472392 59049 
177147 177147 
4478976 2187 
2237301 6561 
2230740 6561 
1102248 19683 
531441 59049 
2204496 6561 
2099520 6561 
1043199 19683 
1023516 19683 
472392 59049 
177147 177147 
944784 19683 
1679616 6561 
826686 19683 
787320 19683 
354294 59049 
629856 19683 
295245 59049 
236196 59049 
8957952 729 
15925248 243 
7962138 729 
3980340 2187 
7960680 729 
7954848 729 
3975966 2187 
3971592 2187 
1981422 6561 
984150 19683 
7931520 729 
3965031 2187 
3962844 2187 
3954096 2187 
1974861 6561 
1968300 6561 
3919104 2187 
1955178 6561 
1942056 6561 
964467 19683 
944784 19683 
1889568 6561 
7838208 729 
7464960 729 
3731022 2187 
1863324 6561 
3726648 2187 
3709152 2187 
1850202 6561 
1837080 6561 
905418 19683 
3639168 2187 
1817397 6561 
1810836 6561 
1784592 6561 
885735 19683 
866052 19683 
413343 59049 
1679616 6561 
826686 19683 
787320 19683 
354294 59049 
629856 19683 
295245 59049 
236196 59049 
3359232 2187 
5971968 729 
2985255 2187 
2983068 2187 
1489347 6561 
2974320 2187 
1482786 6561 
1469664 6561 
728271 19683 
708588 19683 
2939328 2187 
2799360 2187 
1397493 6561 
1390932 6561 
688905 19683 
1364688 6561 
669222 19683 
629856 19683 
295245 59049 
236196 59049 
1259712 6561 
2239488 2187 
1115370 6561 
551124 19683 
1102248 6561 
1049760 6561 
511758 19683 
236196 59049 
472392 19683 
839808 6561 
413343 19683 
393660 19683 
177147 59049 
314928 19683 
118098 59049 
